132
109
141
79
135
188
171
129
135
189
135
154
124
202
142
146
66
160
114
138
103
190
75
99
181
182
164
105
94
181
154
173
75
151
141
77
213
183
107
135
198
147
255
85
166
40
113
234
98
129
152
96
149
136
172
119
164
113
101
146
166
224
139
211
109
35
104
179
113
121
128
116
165
246
130
150
92
167
125
98
120
166
81
74
123
106
182
64
87
53
168
144
117
105
157
149
193
166
139
151
156
132
136
157
145
152
128
175
128
118
113
152
137
157
97
124
156
138
148
179
122
118
163
169
187
192
102
107
130
167
132
90
115
130
144
115
144
119
188
50
113
174
115
119
209
116
126
67
109
99
162
118
176
152
143
155
117
218
154
172
83
139
159
184
172
148
155
148
132
83
155
144
102
186
164
91
149
171
129
94
124
143
124
121
70
151
158
135
119
131
90
157
141
140
166
122
156
84
126
93
189
170
169
153
142
170
140
163
118
178
85
92
186
126
114
176
140
127
108
164
139
112
172
125
103
169
126
148
121
73
93
158
172
123
118
128
133
67
154
93
128
149
125
170
97
119
107
36
175
163
163
64
121
82
186
87
126
113
130
139
147
213
91
170
79
91
94
132
146
150
90
128
73
126
149
33
110
138
85
76
127
55
91
163
184
224
127
150
163
157
203
160
188
135
142
128
173
97
106
140
175
110
55
142
155
158
119
141
140
144
157
136
103
74
143
65
97
161
111
211
160
136
240
154
225
157
132
102
114
158
209
157
75
118
136
162
79
207
225
169
132
108
129
75
113
128
204
132
76
148
107
189
105
93
113
156
70
170
111
195
164
126
77
80
113
112
154
178
164
217
66
65
113
69
75
125
159
142
129
185
105
200
156
112
119
175
115
65
161
67
124
113
209
81
113
159
127
101
135
84
145
164
104
131
114
122
125
137
29
172
148
135
193
137
187
180
58
238
155
115
100
102
79
232
146
136
136
91
109
149
114
134
183
75
160
106
111
167
151
126
158
114
183
142
123
99
106
156
135
104
62
135
120
121
90
227
168
74
157
85
134
190
64
96
147
153
143
144
133
176
81
65
141
126
113
199
176
168
169
90
112
84
113
132
144
166
116
142
152
127
139
143
97
155
98
135
181
127
148
139
58
99
113
123
144
150
166
204
129
174
140
136
177
204
112
117
82
80
166
159
137
129
199
104
187
152
221
143
85
113
161
154
146
143
183
126
102
162
116
187
160
106
190
134
152
150
116
109
57
178
117
74
167
111
129
126
176
194
153
123
115
180
135
49
113
143
125
165
218
65
175
126
79
160
159
118
108
77
130
143
140
122
120
177
106
161
137
157
179
78
120
138
192
119
78
72
159
135
172
111
124
131
117
165
174
142
103
176
135
136
117
158
165
114
164
157
170
128
150
101
119
135
145
143
94
184
182
175
114
92
202
108
162
131
145
109
139
118
132
185
170
153
194
158
81
178
102
103
163
177
164
172
111
152
156
142
144
147
182
195
181
97
83
163
143
89
165
119
122
94
149
118
128
127
87
164
136
196
147
61
145
75
105
101
87
141
140
52
110
136
133
135
139
145
159
142
183
140
240
141
132
92
150
157
100
188
168
103
185
108
168
90
131
172
123
138
115
111
112
112
115
125
161
31
86
144
219
146
192
168
191
122
214
96
101
136
117
141
186
157
161
187
160
62
179
190
155
148
137
139
160
90
117
134
167
130
97
154
175
135
132
185
132
155
142
115
128
100
175
119
129
78
159
137
214
118
158
124
166
140
165
159
67
150
115
154
151
105
135
74
124
144
179
166
97
168
135
135
129
186
154
101
161
111
188
163
120
123
181
191
161
129
141
45
122
76
140
104
142
124
108
148
81
129
91
122
107
153
142
163
96
158
139
104
107
154
69
71
175
155
92
109
52
164
143
135
177
175
153
157
152
128
123
116
125
150
123
151
155
193
154
134
168
82
151
114
138
102
145
131
136
172
92
134
131
176
60
168
58
92
139
137
166
121
110
143
160
104
52
139
175
210
118
161
175
96
147
163
108
127
96
141
171
175
79
105
93
84
159
181
158
173
147
164
131
161
111
145
143
178
167
121
127
144
160
96
65
127
173
56
158
202
208
185
112
131
83
202
178
83
190
134
112
170
120
192
170
106
62
159
87
147
163
87
139
99
148
130
74
94
98
100
116
43
103
162
144
139
119
106
127
70
70
118
157
116
141
124
162
120
130
90
130
182
143
117
66
124
130
171
230
77
124
60
62
146
127
111
168
120
115
143
182
166
146
94
164
154
116
137
102
178
151
107
39
51
112
203
206
149
83
116
69
156
155
121
161
133
94
178
94
182
126
152
118
153
211
134
84
151
181
121
125
140
126
172
140
166
102
148
159
187
130
144
171
144
168
192
152
200
89
82
143
139
109
177
139
137
91
149
133
152
125
166
163
89
114
144
103
79
112
199
122
148
154
139
175
203
158
179
153
157
116
189
151
122
100
101
161
168
108
63
113
117
133
108
234
173
201
155
190
197
121
135
152
125
169
123
120
116
131
58
111
116
144
139
125
152
130
194
55
107
114
97
148
131
187
120
160
175
95
91
91
165
122
158
151
122
142
164
160
139
141
134
108
214
88
148
226
85
119
109
117
137
119
116
101
144
100
160
140
147
106
231
97
135
130
114
144
129
94
154
103
142
147
142
84
89
121
165
143
159
117
64
115
161
166
73
107
128
167
103
108
82
154
131
242
190
130
111
133
161
132
123
157
102
133
140
190
135
136
98
139
125
110
160
88
126
164
173
115
159
121
161
75
106
120
178
103
148
97
178
119
113
98
100
166
169
101
151
153
135
101
167
141
150
142
105
102
162
104
162
152
168
135
123
187
139
163
147
62
102
142
113
16
119
135
50
162
150
60
164
176
163
97
191
108
169
138
107
149
146
113
169
129
148
164
122
102
73
129
135
106
133
108
127
97
196
117
179
129
147
191
180
137
217
131
115
180
183
119
105
171
188
167
207
180
206
164
148
112
55
97
143
183
181
172
101
154
79
130
117
151
196
116
140
96
170
59
134
136
118
152
143
142
179
109
125
192
100
136
140
123
163
191
197
73
108
155
151
147
140
151
188
77
182
114
205
166
153
137
125
88
125
157
115
146
142
162
155
134
133
112
139
83
153
150
160
161
123
158
146
119
159
131
175
94
119
91
87
112
144
186
190
149
88
113
172
118
170
110
117
168
165
218
115
160
94
176
159
66
133
167
93
152
143
164
109
130
93
201
121
206
111
177
115
79
95
209
77
115
151
112
144
217
163
154
156
98
179
125
123
175
171
177
157
185
127
135
190
139
154
121
126
124
107
142
208
129
152
94
143
65
124
73
52
205
101
163
121
170
123
134
196
165
186
160
136
76
98
116
248
103
139
65
118
170
114
166
174
128
67
142
125
144
153
127
161
165
151
169
139
139
204
162
147
147
125
131
71
94
117
123
80
136
190
141
101
99
174
133
92
110
125
83
141
182
143
91
89
180
145
178
83
114
99
121
179
234
137
129
125
132
168
152
127
165
87
142
71
173
150
143
98
166
145
83
134
116
99
194
122
135
133
89
153
126
41
167
174
170
87
173
83
130
161
60
142
146
82
159
109
145
96
159
174
92
172
89
131
156
181
95
109
55
122
117
164
164
160
107
139
109
123
114
156
158
148
149
124
93
134
180
119
96
184
153
154
145
191
183
132
209
138
174
153
115
84
170
155
146
136
111
142
99
134
119
185
136
169
116
130
135
124
141
81
96
170
154
118
177
93
83
192
135
139
150
110
167
170
195
163
147
132
140
77
128
136
166
100
128
136
204
137
108
154
164
185
100
131
156
123
77
218
134
136
162
131
171
156
151
123
92
212
193
149
192
144
88
152
126
147
103
136
133
120
43
133
167
93
166
107
145
83
125
114
156
147
121
160
152
165
104
169
111
119
168
152
83
115
64
105
147
134
66
120
196
102
128
157
95
108
145
139
161
126
82
161
93
125
81
119
160
167
117
184
127
128
120
109
130
125
106
107
128
77
149
112
129
80
174
154
135
173
132
82
110
160
99
163
160
161
115
115
138
145
144
125
109
91
79
111
136
149
100
95
136
164
163
179
162
77
167
120
78
113
139
142
152
178
195
102
113
96
118
87
137
154
175
160
57
152
110
161
124
154
164
146
57
146
86
173
111
191
118
198
126
133
174
175
0
98
196
133
119
136
70
145
175
143
147
158
18
146
109
146
190
85
165
118
135
153
192
139
115
155
182
121
71
144
108
172
181
65
39
176
160
63
166
166
194
105
104
81
66
99
198
162
179
191
147
186
202
176
241
109
122
115
147
110
143
130
119
102
99
105
109
187
155
96
185
141
161
112
110
150
99
123
202
104
141
157
161
107
159
92
93
102
156
147
87
143
96
221
136
176
89
53
83
107
185
144
186
156
120
129
134
129
180
166
133
159
112
160
136
138
125
130
171
152
119
200
131
152
172
174
108
28
194
152
155
163
189
142
124
185
125
153
146
113
122
175
131
179
131
70
193
142
114
133
150
99
135
149
139
112
105
67
163
108
135
105
122
193
102
115
126
162
131
132
92
185
88
95
145
173
163
48
167
116
94
161
100
146
190
150
159
148
103
140
106
126
197
130
110
105
159
154
98
183
134
60
156
175
130
101
201
131
80
188
102
170
147
102
142
123
232
83
88
156
135
184
126
123
76
138
91
114
133
146
95
98
125
158
152
137
142
126
133
145
138
131
164
104
173
118
173
83
173
157
58
141
183
132
103
124
152
127
206
152
110
111
139
129
134
157
67
139
106
72
142
118
170
123
103
75
74
139
108
131
123
135
111
112
140
149
151
171
164
138
116
159
185
91
84
113
107
154
140
124
90
174
176
158
167
172
177
106
94
148
124
163
86
173
108
152
87
160
107
95
198
114
177
165
83
174
168
108
135
209
149
205
143
59
132
163
98
121
171
85
171
101
151
119
160
158
110
121
118
115
107
74
92
137
145
83
101
58
148
204
139
138
155
172
144
153
72
94
67
139
108
137
135
108
101
159
95
113
86
122
167
157
150
121
189
197
142
141
181
150
33
184
100
132
175
139
220
93
129
170
66
108
222
204
63
117
107
99
131
105
133
109
138
152
139
129
94
152
142
87
83
124
253
179
192
112
127
209
172
151
143
59
101
175
144
122
149
204
140
150
117
129
137
157
