13951
-3000
21119
111425
-75829
154470
-74299
142548
-89769
-33268
-111301
96267
-83437
88734
-200072
-35803
117912
-10733
-158609
-44523
76663
-61594
-89765
-40742
-297662
4488
-21690
-129130
-184726
-23511
43830
112418
-146766
98520
69996
-130634
125984
185885
-369
143850
50678
-96609
-56886
126676
79070
79143
20254
4040
17452
109910
139049
53135
-67245
-78497
-111808
-19766
76882
-56594
95437
-79620
100235
17666
146672
246599
17974
22519
135567
-3502
-22919
-235990
-11553
5436
-125557
145905
-47675
288443
28102
-16282
45858
22359
44521
-210852
82890
-137266
45906
-20015
-17621
6329
-125736
96643
72141
-95659
-51209
156456
-185530
-39481
16583
73880
48353
-93659
-75422
3082
1433
49197
-30106
-68094
94334
-50700
91277
82224
15805
26855
-50146
82500
175265
77105
-78708
90667
137580
167841
47566
-210504
-7635
-140814
81882
-105503
62132
-102926
40758
29577
-46499
3236
-58328
-179152
-62723
18239
128161
-14535
266518
-194718
7469
-20289
-108889
69846
-3357
-85307
-108193
-86933
3744
40696
-98278
38313
-26740
55138
144714
-102596
-17756
-188553
13671
72688
-34744
61669
61459
-43082
29618
97411
36659
80978
125885
-118047
-125764
-13701
-13478
-72505
131220
-71206
147627
74353
-31879
-104638
-17546
178715
-71256
-67193
-113532
-55473
-119450
35175
-65382
153014
-91883
-27734
-53465
250370
-23581
-250568
-43524
-14983
7147
-158321
-80997
34493
-54950
31261
-30116
85231
-178141
-68571
-121829
-36862
94801
-201166
42346
66565
91415
-8034
-47072
-130578
-22117
36934
-45713
-151028
-146789
-106673
9519
-44378
71553
-36725
-52194
-100464
-30383
71065
-125907
106079
-94923
-114716
-33981
192897
15302
-190667
-171147
44696
77768
44313
-5304
-39008
58808
10423
-2805
-90751
-88377
-63344
58054
-15130
54840
-6605
