1908
1452
1324
-409
-35
-287
431
-772
-515
1235
-896
-1035
-636
-322
-210
-277
10
1211
-381
26
703
-983
348
961
-736
-2805
-1391
-449
-28
-778
-154
-86
-236
-362
220
-1667
836
2036
-2110
57
1456
1412
168
786
-1564
-965
-632
747
314
165
-1442
921
-723
312
-1003
251
180
-791
235
-215
-676
-1996
-1745
823
451
970
2288
-1173
1816
-1045
381
-1367
102
242
1161
-327
1127
-183
-2479
149
-892
105
-1376
126
699
-7
-313
-85
-604
923
812
-694
1247
603
941
-274
62
611
739
-489
1554
-416
32
-1076
-1730
-1373
-266
1034
552
-486
-914
251
1674
-847
551
226
68
1074
-1959
-507
1035
-83
-409
308
648
-156
1326
-331
198
-218
759
93
432
-125
-1862
1527
2015
-637
546
2297
509
-504
631
455
540
-189
-104
-1188
-857
1947
-1839
1197
210
-1977
-388
-122
-111
353
-507
-868
849
-2421
642
-678
-464
2585
3248
-954
-1087
601
717
-1120
457
-78
-70
-7
508
95
426
-634
-934
-340
-184
1276
5
722
81
1492
979
-111
1273
-978
440
441
203
-267
1160
577
-209
281
1214
-786
-844
1342
1120
-557
-648
-1896
707
107
-539
102
-973
246
-91
968
245
471
-1505
-472
-668
-123
-38
-831
828
869
-122
-842
-255
830
1369
-903
545
1124
242
-950
-1204
-14
-712
-917
1434
540
987
-664
703
169
-1351
-215
692
846
684
93
-1210
-776
1224
199
