152
111
84
133
120
79
229
181
128
0
81
111
83
107
83
103
107
120
69
136
83
65
69
116
149
117
155
153
176
141
102
161
100
64
207
159
187
99
79
150
148
92
112
164
81
53
137
74
139
142
34
124
219
22
176
61
91
117
42
142
126
115
116
140
131
173
112
125
90
148
153
178
177
66
162
125
220
141
197
115
137
102
126
166
98
197
121
134
69
152
154
139
101
108
119
175
145
116
109
3
98
126
88
65
170
140
145
101
166
95
121
129
138
151
140
159
139
149
101
92
154
197
66
91
100
82
77
103
99
130
160
160
188
150
162
153
164
149
166
134
41
81
104
113
197
96
93
76
181
166
127
37
185
102
142
97
42
132
88
129
144
132
99
110
142
156
200
130
165
117
97
134
83
82
93
110
109
227
112
100
98
132
145
91
139
225
58
134
155
192
80
131
129
82
175
135
168
55
99
135
161
163
116
163
151
82
127
143
95
77
182
167
178
170
65
205
59
178
172
137
204
121
63
125
170
98
134
91
140
129
100
136
178
102
51
160
187
71
214
117
133
153
44
113
103
175
130
104
126
52
26
184
122
141
132
113
102
150
119
57
127
93
112
111
126
151
141
95
87
172
143
97
74
136
74
99
140
76
135
108
91
107
132
101
133
121
95
102
129
85
158
98
67
194
154
172
100
68
95
86
104
55
23
125
139
173
133
47
159
110
149
126
107
85
118
55
130
141
100
147
128
209
186
133
141
96
199
92
36
143
199
136
111
143
107
89
118
153
103
139
80
96
81
89
46
133
128
137
189
89
103
76
173
32
187
157
116
56
97
163
101
94
198
115
99
134
146
78
92
139
93
75
159
31
167
113
148
144
167
177
105
89
153
116
172
152
129
119
164
126
84
36
115
89
175
110
147
80
160
115
187
148
135
156
101
78
87
141
205
154
182
144
101
130
87
165
163
139
88
109
163
170
86
179
103
89
210
117
118
57
214
145
118
98
195
169
95
108
111
131
142
120
80
149
122
135
168
111
122
123
124
172
116
147
128
115
150
96
114
117
208
45
154
163
134
131
176
186
102
153
80
126
156
114
152
107
99
145
148
96
169
50
208
120
143
156
187
89
120
119
160
196
151
138
177
89
132
193
144
113
83
126
189
127
126
94
171
158
150
103
123
114
154
169
137
83
158
119
89
89
166
124
77
97
128
127
93
128
60
72
89
125
122
130
81
136
114
119
71
125
164
147
167
129
79
128
95
70
151
139
111
138
87
87
111
105
90
140
110
103
164
106
158
215
88
118
126
67
145
130
127
204
142
88
181
116
128
143
59
91
212
123
175
71
153
148
94
68
116
103
87
175
68
45
173
144
120
107
205
84
100
91
91
93
156
114
55
104
192
154
185
173
155
131
171
85
171
138
39
183
136
96
113
171
173
129
136
159
183
143
66
138
59
56
68
104
162
117
167
75
109
144
107
126
115
141
193
133
200
114
166
146
112
81
79
138
111
145
164
144
145
63
90
98
156
94
147
98
143
162
187
99
154
181
160
149
69
125
51
93
85
105
131
87
144
88
125
122
110
93
109
138
123
75
62
131
127
109
113
158
156
91
91
160
65
142
66
113
186
143
89
191
188
86
139
141
120
89
104
168
72
58
90
119
100
166
180
73
112
181
119
212
218
125
143
102
64
102
153
157
87
112
91
129
91
167
77
207
88
172
61
116
187
165
115
173
111
99
103
178
76
103
92
82
186
112
104
115
166
194
135
141
36
163
63
158
78
96
143
76
163
131
44
80
96
63
147
184
96
154
132
128
123
129
116
45
132
166
145
110
121
163
69
134
167
132
82
177
135
155
59
98
102
145
141
150
115
50
61
94
115
140
102
121
28
57
147
57
165
182
161
203
75
187
138
118
115
45
132
39
130
109
159
102
112
90
75
70
104
141
85
143
71
92
190
214
160
46
142
151
99
150
89
102
93
144
85
135
34
167
152
164
42
133
91
123
111
59
132
81
147
149
135
129
101
141
96
128
143
96
114
118
143
77
117
207
84
105
74
133
141
80
100
136
171
131
159
68
208
107
140
173
135
128
130
111
184
148
154
115
154
88
92
132
115
145
116
76
163
142
122
181
101
50
115
164
169
80
108
97
109
148
102
105
134
109
48
114
134
180
145
122
92
122
144
33
110
172
93
54
116
179
126
133
122
167
154
49
66
119
123
82
109
121
144
110
108
165
108
142
157
110
209
123
152
154
139
164
151
89
179
135
154
176
117
74
162
128
154
144
116
74
93
178
155
114
106
116
92
117
102
160
93
97
127
109
142
83
117
100
138
158
48
148
129
37
145
107
136
76
185
118
159
92
131
129
182
51
141
163
124
150
120
101
84
92
128
196
59
96
190
164
107
173
139
149
158
133
98
156
132
157
158
84
202
135
108
90
112
115
98
94
157
29
139
91
118
92
93
135
178
116
56
174
103
123
194
71
177
100
133
102
139
177
112
131
85
133
123
70
106
60
79
112
122
57
161
144
105
138
119
136
151
70
103
140
129
201
67
193
153
95
209
120
163
133
177
52
167
30
134
185
156
93
33
88
124
124
108
82
150
65
32
151
123
130
128
132
92
88
181
123
81
170
160
165
116
157
181
90
156
113
129
81
118
106
122
99
135
95
168
170
121
77
79
182
137
99
115
75
162
67
147
153
52
193
47
124
59
115
131
107
219
166
123
139
154
44
146
181
114
88
121
105
117
150
79
84
200
65
146
188
117
142
65
132
159
82
144
70
187
114
130
130
14
119
156
103
86
122
118
103
102
101
98
218
153
84
123
123
150
93
159
123
108
155
133
97
108
136
127
161
74
164
138
108
113
165
167
136
141
75
158
143
13
125
76
140
170
132
131
107
193
158
133
165
98
77
111
19
103
102
149
76
78
171
107
94
121
144
97
110
130
188
171
137
214
70
78
139
154
217
198
136
104
169
109
129
214
116
152
83
161
160
131
86
150
93
74
85
88
154
89
80
123
96
104
69
183
105
115
69
151
139
150
165
217
138
79
96
136
108
131
166
129
116
168
175
172
117
122
117
139
141
173
109
129
173
159
117
71
149
43
140
163
160
136
139
168
170
132
113
42
177
138
144
135
73
132
181
139
85
83
95
165
113
240
62
126
140
129
137
104
176
83
169
159
113
150
124
99
87
139
135
101
127
95
131
20
177
79
83
194
187
101
151
122
121
139
144
91
111
115
167
109
109
128
115
60
125
134
150
133
85
74
96
110
121
111
118
70
78
74
143
160
45
125
192
108
60
75
129
169
155
173
79
60
122
177
95
50
131
152
162
121
182
93
136
95
178
124
76
70
170
152
230
92
161
110
160
158
127
76
162
125
105
216
122
112
89
130
98
138
109
56
121
152
144
115
146
116
156
155
123
121
100
141
163
69
95
178
150
170
98
179
66
128
149
131
146
157
58
167
59
111
84
139
84
190
101
170
126
131
88
74
60
92
43
149
198
92
165
166
200
133
152
122
126
120
105
42
151
70
155
115
136
141
174
143
79
53
115
88
70
97
172
108
110
119
230
109
191
137
132
117
158
188
102
142
159
62
89
134
213
122
61
178
158
87
164
116
63
153
149
101
181
125
114
80
127
93
90
147
72
97
127
148
105
180
181
92
109
118
90
126
169
135
73
145
171
153
91
138
57
99
72
105
103
126
170
141
80
92
97
83
142
132
115
129
96
121
101
113
220
141
77
134
161
175
123
97
94
124
110
128
124
182
90
165
145
130
99
140
117
120
167
201
115
111
83
156
153
97
153
159
110
147
144
124
117
96
174
90
141
114
68
101
107
112
111
171
93
62
92
162
134
112
85
94
152
73
115
128
126
71
150
147
71
141
133
170
143
145
97
154
115
148
78
103
88
206
152
178
149
103
127
169
195
85
79
95
128
143
48
138
136
107
140
115
93
142
92
110
134
162
145
74
158
64
95
86
150
111
84
118
150
144
76
103
134
145
138
184
151
162
132
119
57
174
140
159
149
72
98
174
149
209
73
91
155
99
87
71
169
146
164
93
215
150
152
164
123
144
96
177
100
181
117
163
147
65
102
73
158
139
140
165
160
130
102
173
87
101
140
127
104
130
114
64
125
106
133
110
193
139
165
128
59
113
46
114
116
113
83
148
133
83
126
164
129
60
92
43
151
127
124
164
115
110
116
156
215
143
159
85
85
156
68
104
141
228
100
32
153
171
198
141
88
88
103
98
115
82
81
132
127
181
143
123
159
99
83
148
121
148
129
130
136
93
140
123
172
110
136
69
105
184
71
65
126
95
94
156
98
137
121
87
155
91
76
45
127
143
95
135
132
109
172
163
112
135
153
161
110
125
114
133
147
97
69
68
147
109
118
118
99
97
138
79
172
131
108
154
96
165
119
153
136
71
147
46
105
102
38
158
118
145
86
104
170
112
111
115
76
174
179
137
102
28
167
159
47
125
141
64
93
163
161
91
137
71
166
86
102
131
170
255
164
138
99
93
102
92
116
156
148
90
176
99
90
92
156
169
193
112
154
102
104
120
129
179
150
129
68
149
192
119
75
121
101
120
131
124
59
91
107
114
134
94
101
62
74
125
110
181
143
116
164
115
148
146
206
108
47
130
99
167
94
81
117
139
77
99
74
193
56
133
210
28
107
61
94
130
136
126
80
173
199
171
70
162
120
87
117
225
73
89
133
94
193
164
100
98
123
88
61
119
77
103
89
138
138
138
194
92
128
115
158
219
177
93
173
53
121
188
127
147
134
128
154
136
128
147
126
162
113
95
140
76
131
134
108
132
102
162
142
134
231
63
149
81
176
134
83
119
148
121
126
146
144
64
138
114
62
131
97
140
111
126
141
113
122
91
126
142
146
152
157
79
63
88
152
143
86
32
142
129
140
90
164
60
132
126
99
187
110
156
135
76
84
136
79
116
112
146
146
126
148
160
160
138
74
144
144
39
47
96
167
97
172
159
121
146
100
132
134
118
126
89
98
48
131
127
102
170
103
163
209
154
135
129
77
128
136
240
129
129
132
68
101
153
148
18
79
95
117
82
168
178
125
114
162
106
156
131
122
195
157
45
123
97
105
160
111
163
64
103
120
53
117
111
118
158
116
76
136
174
196
98
159
103
129
122
74
160
85
152
93
68
139
95
60
115
123
85
180
157
161
134
118
108
107
175
130
172
139
74
51
172
120
190
88
117
140
