-33902
6110
-26839
37582
-15840
52538
20820
10210
-8811
23853
68954
-4338
-27619
-42332
-38029
4187
15527
9454
-18679
25655
27981
-56249
35090
-5016
-58316
8341
-6611
11281
47111
30532
-21432
-12381
-43573
36378
39423
40357
34996
-71407
15791
81564
530
-29733
-16388
12096
-8893
-37083
-23544
47424
5400
-7011
44147
-7057
33188
-50278
-31923
-1533
-7085
-3329
-19984
29973
17247
-16569
-32561
-14298
28813
15483
-42782
59539
-46487
-12808
-22330
-5011
-13696
-29546
-14686
-11942
26517
-68862
-51020
29749
17663
10994
15534
54188
-5596
-24016
-11416
-5114
15571
-38656
-42122
-56354
-20784
-32497
-58319
-14697
-64004
19166
26915
-17835
26531
-28602
22797
-33102
7501
-102
-22624
37834
18055
34569
10894
37926
-17532
-8598
-10538
-50986
-54567
32770
-22848
-18850
-8064
13018
20749
88283
25758
-35788
-22516
23034
