178
186
111
178
176
169
187
95
113
110
119
190
158
162
122
144
188
115
144
126
180
180
139
99
91
105
84
137
117
173
105
131
148
135
128
166
143
131
186
170
143
156
121
59
93
146
141
146
135
186
124
195
61
169
144
105
148
117
181
128
174
145
140
101
165
117
165
82
158
77
87
179
118
148
172
124
200
152
185
164
132
143
161
154
89
101
152
132
151
101
187
132
148
174
113
107
156
106
134
224
102
138
162
88
135
121
96
148
120
122
106
112
73
133
122
121
151
148
117
219
106
131
117
97
158
155
114
165
130
124
150
153
132
128
134
126
153
93
129
142
186
165
101
172
139
114
167
104
125
152
130
138
126
163
133
123
160
143
82
144
242
123
160
128
151
140
104
128
133
120
101
156
172
145
98
101
136
178
122
133
93
197
140
88
135
149
102
183
155
145
228
162
138
80
106
129
136
115
157
112
115
159
126
107
130
142
70
132
131
50
154
123
106
117
178
191
121
132
175
105
129
99
161
155
85
191
139
118
146
75
125
139
89
178
150
143
160
154
125
111
130
75
133
122
154
187
187
105
115
157
156
117
107
153
194
116
120
154
150
116
170
101
111
73
154
143
123
160
101
117
134
173
168
135
150
209
128
156
145
168
99
84
127
155
152
120
143
152
155
168
172
167
151
201
134
123
143
124
170
138
186
166
97
126
132
166
116
108
97
79
115
116
142
126
109
71
181
135
193
144
174
63
149
168
138
111
119
101
117
105
116
143
63
65
109
153
132
186
167
175
158
104
97
132
146
150
147
145
102
135
99
116
120
78
155
97
195
162
167
134
167
223
139
146
108
56
90
71
183
81
116
97
133
100
181
122
155
82
132
125
214
122
156
89
107
149
92
163
131
156
85
202
196
152
137
155
102
112
101
137
171
172
76
183
96
139
128
134
133
183
176
131
141
167
34
132
102
85
117
136
135
162
148
168
154
175
64
165
165
185
124
84
142
158
82
100
145
140
140
128
139
91
116
94
113
123
108
187
123
154
134
140
115
188
128
163
126
92
119
116
128
109
140
160
185
107
182
136
147
149
113
162
186
157
153
57
143
127
103
139
90
179
156
190
142
216
86
88
139
131
87
98
131
133
129
131
121
161
195
137
126
157
99
120
95
162
149
113
138
138
155
46
206
185
96
116
160
176
93
181
153
99
145
133
160
108
92
156
138
129
173
151
102
78
141
170
63
70
97
90
89
113
174
110
203
183
199
115
135
141
142
132
161
140
165
125
137
190
89
166
176
162
136
139
157
172
113
104
154
164
115
92
154
97
128
152
128
164
146
155
140
143
181
90
138
130
103
141
114
144
141
126
107
108
180
71
104
158
180
140
172
63
115
81
120
171
90
121
87
177
92
127
155
168
206
143
68
144
187
139
129
145
164
83
111
133
117
117
164
133
157
143
141
175
140
142
113
125
113
96
98
63
157
82
150
87
98
89
110
160
185
125
143
91
122
147
107
141
116
121
192
148
126
137
160
122
162
113
57
176
83
130
134
203
68
118
133
130
111
156
54
139
159
127
133
171
109
105
138
176
141
170
29
105
106
111
107
135
105
143
193
127
137
177
195
182
63
142
141
132
93
121
105
85
172
114
163
137
122
97
89
113
119
76
169
172
132
103
81
108
177
149
142
104
150
149
173
157
60
125
102
161
135
123
136
164
130
175
155
175
153
85
156
102
152
140
153
122
188
126
187
154
221
218
144
117
160
81
143
87
149
176
174
94
192
115
125
124
190
148
160
137
167
143
93
139
170
110
105
129
101
119
186
175
101
124
147
150
200
115
185
88
144
108
153
85
83
158
159
134
70
225
203
131
133
139
124
148
88
147
165
170
104
135
114
137
155
148
137
193
218
70
192
123
120
156
140
111
142
89
160
52
129
125
176
142
91
147
134
192
180
179
178
99
177
172
117
169
150
137
90
171
120
226
134
110
177
129
100
163
163
193
102
103
122
111
146
129
144
126
177
234
144
139
170
124
111
140
182
110
130
127
127
136
100
157
101
156
99
201
136
147
171
150
192
129
134
134
147
146
162
158
199
162
129
111
160
186
173
101
88
128
100
156
115
138
131
109
137
182
126
120
165
145
92
169
146
116
174
156
148
146
94
167
163
158
124
179
149
98
107
136
139
137
132
126
90
184
103
122
133
175
213
164
152
133
132
217
184
127
128
153
141
74
193
129
160
88
59
119
144
109
79
143
121
114
132
188
139
167
131
114
149
111
54
109
81
170
178
140
169
156
187
175
151
97
155
112
101
128
171
129
122
100
122
124
110
65
181
93
138
136
186
105
118
51
129
176
155
162
104
104
167
154
106
154
144
106
117
89
158
113
187
173
129
153
148
155
111
134
163
182
137
125
115
138
164
122
144
158
100
150
128
149
145
192
172
83
163
55
142
90
220
127
97
106
80
144
122
89
127
134
128
106
135
175
141
137
130
97
122
44
127
107
164
151
133
133
217
136
175
155
128
133
99
133
92
128
94
151
89
132
206
179
99
180
112
139
109
106
113
155
87
193
130
168
137
145
152
151
181
132
104
130
128
130
187
118
189
170
97
120
120
182
113
88
144
135
104
144
135
128
146
122
187
148
145
141
118
113
148
141
171
149
149
177
109
92
130
144
157
178
156
59
143
135
125
99
181
167
176
166
76
132
153
114
83
162
122
156
180
110
123
102
108
185
118
166
148
107
91
113
109
237
164
171
174
90
110
169
141
106
166
133
127
138
126
155
139
115
135
184
111
144
163
177
94
136
120
127
180
91
120
134
160
160
128
111
100
145
141
46
144
138
123
119
126
118
53
145
193
131
164
135
162
121
161
131
81
114
73
94
170
128
128
72
130
143
132
166
191
173
176
157
152
133
109
100
115
124
157
140
154
132
188
108
143
125
107
146
135
128
113
79
128
98
169
108
148
127
139
143
166
155
49
154
192
133
133
160
181
119
127
100
100
99
123
83
147
139
220
167
99
206
119
118
156
87
67
62
138
134
152
125
179
113
125
126
141
135
137
152
100
143
147
175
151
185
137
142
120
172
87
112
150
153
128
100
152
152
160
181
157
160
139
111
150
167
115
164
181
187
108
165
163
84
148
77
123
196
128
61
134
168
145
109
152
119
94
151
181
179
86
183
145
101
107
211
168
142
195
138
142
130
160
140
143
145
124
147
162
82
110
55
78
113
171
122
158
114
110
97
104
109
109
121
128
141
109
166
111
84
206
187
120
124
176
171
94
126
100
153
122
144
85
133
157
164
127
138
104
213
136
160
217
130
105
103
117
131
100
142
113
145
116
132
203
114
173
127
168
117
116
139
122
182
195
177
104
171
177
165
176
118
140
160
146
105
98
150
148
123
134
159
103
138
91
75
151
161
175
140
139
60
168
121
151
85
150
107
157
219
138
139
148
157
123
82
114
178
126
154
122
127
176
117
96
138
126
112
111
135
92
180
163
93
84
128
61
130
160
105
141
147
177
118
167
157
106
104
167
159
183
113
134
160
204
105
191
198
153
156
110
136
145
155
154
106
162
160
133
134
191
145
142
156
97
168
141
168
127
177
172
78
153
252
130
136
121
128
88
162
127
146
168
136
151
126
146
144
154
118
101
114
110
132
151
112
132
109
155
112
157
117
151
128
112
118
127
85
157
128
195
178
174
123
112
163
105
137
156
192
146
150
72
91
166
83
105
109
199
163
138
140
168
83
149
143
123
178
139
107
116
120
182
119
144
132
186
172
120
110
98
150
196
114
112
57
133
131
132
117
214
84
112
117
156
107
159
128
151
151
56
164
212
119
117
158
148
151
177
131
144
162
130
127
98
194
149
90
111
88
109
183
133
141
103
173
122
128
128
151
196
137
130
151
111
104
146
96
132
162
180
163
195
155
88
164
168
138
175
131
226
138
163
96
159
166
127
135
123
149
123
168
141
98
160
113
124
133
153
121
56
119
150
147
137
159
126
77
161
98
134
144
122
147
120
150
109
126
157
190
174
190
125
114
69
114
119
150
115
126
105
163
167
133
172
134
103
90
91
119
110
155
208
118
137
91
199
149
83
137
150
137
190
71
135
180
172
133
90
93
57
128
142
91
78
151
126
180
123
20
124
150
72
189
116
157
145
171
114
168
117
110
127
179
152
157
116
132
139
89
123
135
118
63
86
171
128
182
80
128
158
128
129
138
74
110
117
142
54
161
112
119
122
140
75
125
103
201
170
110
133
99
139
70
144
104
165
176
127
184
137
128
117
48
135
124
164
145
147
78
115
112
169
111
134
102
187
112
144
151
162
179
184
132
198
85
144
89
153
102
149
184
145
96
155
149
117
185
90
153
139
106
188
173
159
159
116
147
109
139
157
73
165
126
138
154
133
112
122
155
71
103
136
157
167
143
217
148
155
159
158
142
80
109
135
166
161
142
97
127
134
124
139
169
134
136
168
148
164
153
143
136
147
155
124
147
144
111
138
82
137
143
137
104
134
109
124
137
75
141
158
174
164
111
119
156
103
127
125
161
154
87
147
129
106
126
114
102
183
204
191
144
164
132
46
115
171
116
173
142
172
170
94
97
159
160
137
110
110
202
158
135
140
113
129
196
168
126
130
171
101
195
127
150
106
137
120
126
140
169
99
81
133
125
129
88
113
95
173
123
173
132
152
114
174
178
107
158
156
132
159
114
162
139
173
133
112
130
205
142
118
105
186
141
173
150
98
199
78
119
199
162
134
172
127
122
129
150
169
109
191
138
161
168
127
118
178
122
192
164
101
174
89
104
151
117
110
83
117
130
147
135
90
71
133
202
105
161
91
89
90
167
179
140
113
143
124
130
121
92
166
150
153
134
164
152
165
123
125
167
158
158
82
154
73
168
97
151
117
77
145
98
133
140
188
123
130
135
108
184
179
158
185
67
113
156
92
123
123
175
128
109
115
165
166
127
163
125
184
142
173
118
176
146
136
137
173
107
110
93
152
158
92
80
167
104
153
182
142
139
74
165
159
180
151
90
133
123
148
87
174
127
75
114
112
148
122
141
135
160
95
142
86
71
183
58
89
111
134
136
148
119
86
173
110
149
141
139
226
137
120
143
112
103
144
155
122
142
156
144
164
162
149
84
123
166
122
74
93
188
131
164
87
114
111
146
195
126
101
129
147
131
140
95
124
148
120
148
116
97
140
158
140
133
100
144
79
156
77
90
151
96
135
101
161
145
118
190
179
104
139
146
96
204
100
74
175
133
88
90
52
129
120
87
108
147
219
143
120
135
163
125
154
129
181
172
76
149
81
84
121
116
136
102
141
65
166
146
73
109
205
153
110
134
169
71
80
150
153
113
189
132
198
113
152
166
159
141
166
133
140
210
106
87
174
117
129
141
169
137
88
178
151
213
147
141
154
139
209
140
162
154
112
164
110
200
184
157
154
169
63
153
161
167
150
137
161
110
109
166
60
117
117
152
174
124
140
137
157
154
126
104
157
116
144
150
110
187
171
167
175
114
57
118
136
174
184
117
158
86
134
136
153
86
121
78
156
91
114
148
192
118
147
98
177
144
106
126
118
169
198
74
134
120
129
162
112
116
116
137
103
138
128
103
113
212
107
164
100
132
88
119
193
177
98
121
153
162
84
143
158
133
227
170
153
111
155
96
128
148
130
102
123
83
112
120
148
163
138
117
141
121
174
116
156
97
139
111
136
117
82
118
89
96
142
183
173
137
148
108
132
98
148
139
101
74
154
106
108
159
82
178
163
187
135
94
110
143
112
70
102
139
107
124
117
122
137
90
164
158
171
154
129
114
210
160
90
140
152
136
167
133
71
93
146
46
163
152
166
142
152
58
133
109
101
166
137
82
73
153
104
103
184
102
105
158
192
145
167
126
182
150
165
99
138
51
214
127
186
186
126
59
151
139
172
117
148
133
141
166
90
149
63
94
148
164
122
126
142
81
119
101
205
128
172
147
116
161
105
161
138
150
137
148
187
130
189
122
133
139
209
102
103
169
142
173
130
168
180
164
139
148
152
119
139
152
110
110
97
159
152
166
164
110
162
90
188
86
157
110
114
120
152
139
159
184
133
138
136
182
185
153
137
81
99
126
145
133
140
126
154
187
143
184
159
124
145
116
68
155
149
137
134
164
175
122
144
153
157
134
112
144
90
58
166
157
113
140
122
182
118
93
156
129
150
146
185
150
149
140
176
149
175
143
155
122
77
116
74
113
197
134
158
91
142
104
174
92
107
117
136
101
124
51
208
88
143
184
162
170
180
111
118
97
137
162
143
143
108
157
79
111
183
209
160
141
70
29
91
192
120
108
87
111
112
174
103
54
143
161
135
152
146
120
163
190
194
135
169
177
177
132
125
113
125
142
141
116
149
120
152
164
118
204
169
189
74
170
131
149
108
181
136
112
173
140
145
118
160
108
96
143
132
156
145
151
162
134
149
107
91
126
87
141
131
165
165
98
146
163
129
103
188
211
96
98
129
85
90
163
96
216
120
158
128
170
80
145
156
99
180
93
123
140
164
204
149
109
138
138
86
88
177
146
201
208
142
130
136
70
140
172
147
169
111
111
148
148
106
247
196
172
159
128
152
152
119
113
93
170
124
147
37
190
106
136
148
83
118
139
143
73
158
128
180
96
127
155
204
136
219
124
89
101
122
124
165
92
134
88
130
175
121
172
169
194
138
205
126
100
125
140
126
87
84
133
157
140
213
131
160
119
145
122
173
154
102
152
153
141
92
129
177
158
120
136
111
167
62
213
165
94
129
123
143
140
161
201
173
95
176
129
179
154
96
165
138
197
135
147
122
127
118
120
115
175
108
123
56
131
163
149
80
110
162
99
138
128
133
101
42
155
158
80
93
87
154
84
138
168
178
134
65
12
118
111
141
203
121
50
173
117
169
138
148
142
199
77
232
137
166
184
99
158
169
150
104
99
118
173
173
133
166
129
184
117
184
158
92
103
66
202
146
162
137
109
136
155
146
143
130
88
103
151
150
101
136
107
118
183
142
120
137
142
138
140
141
158
105
147
145
176
150
72
121
106
159
100
168
134
93
134
143
133
104
147
177
104
158
106
135
123
146
152
234
124
186
135
126
102
85
167
163
106
187
141
162
110
85
63
167
130
107
125
97
182
93
194
127
172
100
152
38
156
179
114
134
193
143
102
109
134
128
127
134
126
231
151
147
149
135
154
117
87
131
187
121
112
176
131
154
119
175
83
135
135
97
174
109
120
104
115
108
190
88
101
78
131
153
163
188
107
154
159
152
70
135
186
195
110
172
128
73
117
184
155
140
124
177
60
94
155
187
155
156
162
136
121
102
81
98
162
164
112
69
74
87
160
155
100
133
190
134
192
78
88
89
111
164
146
134
105
133
113
99
134
53
126
79
151
163
175
188
160
122
112
109
113
98
72
163
174
97
70
101
153
167
114
165
118
141
232
90
124
191
158
166
183
127
165
178
160
184
149
89
181
162
99
140
116
126
149
110
139
173
159
173
141
134
86
108
134
177
193
71
112
95
96
157
193
135
126
80
149
193
124
142
219
138
94
116
87
67
131
134
83
123
122
105
97
110
154
96
97
159
141
131
147
133
160
132
120
124
115
128
139
96
136
93
145
116
137
126
166
193
146
208
134
109
123
144
129
167
141
159
127
129
96
118
188
156
140
145
122
163
168
142
177
155
126
95
155
124
190
117
204
176
143
112
149
132
116
162
179
148
138
121
173
121
157
123
125
69
159
155
118
196
160
115
108
121
108
146
140
167
192
138
176
153
127
128
187
165
135
54
112
141
96
168
207
118
136
120
127
129
220
122
143
158
180
101
93
121
163
135
147
176
98
105
138
119
140
171
157
100
116
135
167
123
140
71
143
113
121
149
156
164
154
147
109
134
139
203
98
196
157
199
158
139
77
147
146
151
136
122
146
146
164
111
144
130
114
155
134
147
122
195
134
187
184
150
178
107
195
123
175
152
96
101
159
72
149
134
164
159
122
102
125
166
122
147
140
167
92
125
138
84
140
118
156
228
163
90
196
146
199
174
141
132
70
197
114
75
167
157
103
113
133
133
88
125
44
113
89
189
148
124
150
134
41
187
113
125
174
195
125
153
177
155
187
136
185
91
123
118
136
55
167
80
202
85
118
154
132
137
152
134
98
180
83
131
113
139
155
99
104
107
127
78
144
161
115
186
162
130
158
157
108
151
102
124
155
180
109
91
152
172
177
150
153
112
124
131
153
189
97
200
95
105
159
126
130
105
124
112
100
112
110
101
117
101
173
94
143
129
135
202
129
182
127
185
119
158
163
172
128
146
159
161
126
64
105
199
98
141
147
215
160
159
184
154
127
132
124
117
104
176
192
92
165
0
125
120
137
120
164
165
150
105
155
120
167
162
190
130
217
126
88
192
127
146
153
145
166
142
111
128
120
130
134
140
128
121
135
62
204
124
89
129
111
173
166
113
171
136
110
169
149
106
104
168
164
99
99
116
109
132
192
106
139
114
81
129
119
162
118
152
137
143
144
186
190
140
188
83
107
131
156
64
120
116
166
120
82
125
106
129
118
59
107
120
151
136
115
89
60
155
152
196
185
159
99
178
133
144
194
89
109
111
156
166
199
120
138
104
159
175
133
181
143
134
181
139
92
161
163
163
135
121
73
122
161
209
107
144
125
95
100
130
143
115
119
183
133
143
65
100
154
145
100
176
108
173
142
120
104
145
165
168
126
157
154
139
161
75
137
139
126
131
149
163
106
130
138
141
156
152
137
124
101
202
146
73
79
142
110
98
165
121
145
165
170
157
129
165
87
127
138
166
35
119
130
142
146
113
201
199
233
116
203
150
179
91
117
157
148
103
122
135
108
138
124
165
142
146
121
95
94
136
134
106
102
103
148
154
199
152
173
99
163
149
130
107
188
123
139
129
146
100
148
191
114
192
142
105
108
152
129
99
116
174
172
94
99
144
95
140
146
141
191
174
147
131
162
166
181
125
126
139
121
99
92
104
141
152
62
124
149
105
126
180
155
111
138
161
143
172
126
134
130
113
190
167
124
122
151
190
172
191
151
139
181
142
61
151
133
139
141
122
117
188
191
86
108
143
122
134
189
107
94
103
124
94
142
161
160
89
130
152
153
155
155
148
241
143
193
158
109
113
151
156
127
124
132
137
123
105
146
127
191
157
104
75
114
172
143
79
180
136
180
119
126
165
84
122
89
118
100
116
142
125
170
180
142
176
99
180
154
130
163
139
197
120
77
142
151
107
196
158
114
112
114
145
124
84
132
119
128
146
102
138
117
136
157
98
128
182
124
150
103
120
123
123
91
106
131
96
131
134
215
183
147
108
184
124
126
146
100
148
107
115
149
154
136
203
158
106
134
128
93
149
142
101
62
178
152
149
107
124
133
142
201
119
89
134
127
92
106
59
118
109
200
153
109
97
154
186
129
85
191
159
157
157
145
134
148
182
141
155
145
150
150
181
100
136
146
130
150
62
123
183
48
136
135
122
96
196
131
100
116
125
186
137
134
187
105
152
109
187
109
82
104
109
152
142
130
157
114
166
136
146
183
168
158
178
138
129
211
179
144
125
169
60
171
131
94
189
124
117
126
133
90
109
159
173
129
140
154
166
133
112
135
119
166
166
188
138
154
129
172
142
121
177
52
97
131
114
222
103
108
184
117
155
167
129
129
156
123
132
127
96
144
126
138
95
136
143
110
159
91
170
157
149
139
93
139
139
69
208
170
146
68
182
164
92
172
117
58
115
129
123
144
90
208
117
76
154
190
171
128
28
123
121
71
125
133
63
81
121
158
163
175
92
83
139
162
114
180
139
110
146
126
150
59
139
149
157
138
172
208
164
172
113
159
120
193
148
192
127
132
156
165
196
114
93
146
132
192
138
121
136
107
190
146
140
125
142
126
171
109
103
122
173
86
132
98
137
167
183
102
102
114
126
143
130
144
198
162
202
133
137
106
161
129
83
139
74
181
84
140
127
119
175
160
126
160
110
180
114
104
171
162
106
161
101
145
119
117
127
150
137
144
106
155
157
196
193
123
157
149
187
144
95
119
124
106
103
155
122
123
155
89
159
160
210
109
96
168
130
141
171
146
146
152
166
89
166
127
137
119
131
107
172
138
186
185
216
179
83
163
146
167
158
139
36
152
101
110
132
124
145
125
164
98
131
130
89
137
119
85
150
143
192
140
153
144
134
189
146
129
160
131
90
144
110
194
103
152
59
124
116
152
154
200
112
146
112
143
133
171
175
188
135
172
112
110
226
112
168
175
165
123
157
176
112
148
140
120
39
113
210
114
88
92
210
150
150
187
179
157
172
98
102
171
197
161
155
162
117
113
73
120
125
116
169
71
130
141
172
143
121
157
104
179
108
128
78
157
170
97
99
147
36
184
88
137
115
69
121
86
127
137
171
76
212
155
151
93
169
169
186
117
130
131
123
80
145
170
174
171
193
141
198
175
131
85
122
165
98
127
134
118
123
118
171
131
143
120
105
136
174
114
125
59
156
172
154
184
99
133
151
107
198
129
105
148
179
129
113
171
134
185
145
136
96
113
130
111
124
162
167
130
104
185
203
161
111
90
149
105
139
167
127
165
105
177
123
175
151
167
124
124
96
146
119
131
104
128
186
198
164
148
146
153
164
100
105
185
194
127
167
75
133
148
148
103
125
102
167
177
192
96
103
132
91
60
70
113
71
174
213
147
122
158
95
182
156
184
138
185
166
131
87
121
146
141
104
55
132
135
139
124
165
167
142
142
151
119
158
173
143
172
182
128
107
182
129
136
174
94
133
160
128
115
133
214
97
151
137
146
185
147
119
158
124
123
160
78
120
92
115
141
118
119
171
158
98
174
93
190
165
151
144
146
149
131
88
116
197
146
104
71
144
125
112
136
100
85
83
134
130
144
124
159
126
172
139
177
123
145
139
99
171
123
171
114
127
201
120
133
206
148
115
142
154
146
136
171
148
179
136
158
208
110
128
78
163
78
95
174
188
157
134
159
161
127
137
178
143
105
69
124
147
96
135
127
83
158
54
196
107
72
135
188
161
126
115
92
154
38
144
184
100
114
138
114
186
75
147
140
161
178
140
122
104
156
125
139
113
98
145
171
106
159
164
163
103
145
167
161
183
144
194
104
115
102
127
158
124
145
189
163
127
182
169
115
131
121
176
181
161
150
136
130
196
112
130
104
103
91
163
180
255
139
140
71
156
152
26
97
113
112
166
144
157
190
186
117
189
160
156
131
73
87
144
190
171
163
224
177
194
116
138
152
84
129
148
79
181
105
187
127
165
170
156
148
98
143
163
94
180
133
161
98
120
205
102
101
121
144
223
117
162
115
125
145
96
196
127
100
191
135
149
163
167
164
219
135
149
123
156
115
124
157
170
144
185
93
172
171
86
133
132
124
147
53
94
128
89
102
172
107
125
112
131
145
117
98
151
160
118
162
153
137
131
141
165
212
163
171
142
148
140
148
183
85
128
154
173
99
130
151
137
127
124
170
159
105
58
166
123
96
117
144
111
112
168
139
162
46
130
80
156
67
146
168
167
133
134
26
123
172
139
105
129
110
202
147
147
102
103
191
101
200
118
144
162
96
135
126
114
165
144
143
126
57
143
60
81
196
115
159
186
165
183
141
154
93
168
165
192
119
54
191
116
132
74
208
119
148
171
153
125
139
102
121
102
118
147
149
160
71
159
160
119
114
141
167
122
147
186
133
153
128
99
102
110
152
159
217
165
93
132
116
106
120
113
136
141
96
154
123
193
138
188
162
130
109
135
140
42
117
108
142
135
139
148
152
118
143
98
134
106
103
148
149
170
218
116
196
124
104
142
147
98
59
132
137
176
211
159
86
147
173
132
158
108
154
141
188
103
120
123
149
176
91
161
112
135
207
126
121
94
82
93
140
190
97
65
109
47
86
178
179
204
97
136
157
119
100
109
101
108
96
196
133
186
154
171
87
151
159
179
141
133
95
116
104
121
140
160
151
102
101
229
134
94
196
119
138
111
122
83
133
152
48
174
140
111
123
139
152
187
138
144
131
136
145
117
131
72
98
140
186
55
67
125
112
111
159
107
181
83
74
123
102
124
131
104
144
134
154
109
146
135
156
166
95
127
145
169
122
94
171
144
172
138
208
165
165
134
149
123
174
124
116
95
116
107
104
132
84
146
122
137
142
123
157
126
173
120
94
71
198
126
118
79
137
141
190
210
167
157
132
105
158
116
151
146
144
164
97
113
152
136
144
115
160
87
142
119
103
169
120
163
148
129
165
169
156
125
144
132
162
158
163
88
170
197
158
126
93
149
137
124
126
209
101
155
106
178
106
92
158
129
156
121
105
134
199
112
155
85
139
128
210
150
157
101
164
133
149
165
94
140
141
109
146
104
138
184
76
155
87
80
163
121
118
165
128
161
203
136
158
187
68
136
103
142
97
120
152
101
137
125
142
159
135
193
149
205
147
157
85
162
153
94
136
167
147
186
116
134
85
97
142
147
116
115
113
134
161
156
109
104
153
104
142
146
99
175
168
158
186
152
181
97
148
169
73
127
131
142
141
163
117
119
108
194
163
86
148
88
120
197
158
121
76
155
130
108
139
119
184
149
137
81
194
118
100
134
146
210
114
119
159
139
109
188
132
112
131
154
119
107
149
148
164
111
117
145
150
102
88
128
80
160
154
159
156
150
185
166
143
164
90
101
145
150
179
212
91
150
70
134
114
163
91
81
150
154
194
121
98
141
99
156
191
177
86
147
132
141
136
154
116
139
143
136
74
92
132
144
97
127
195
91
106
143
194
155
138
134
123
112
152
136
120
116
109
150
159
138
102
107
133
179
195
87
117
154
169
182
101
128
151
178
127
165
191
153
126
151
129
135
123
124
132
201
105
146
162
98
85
140
166
179
118
125
181
100
57
153
140
154
146
96
197
172
142
146
146
82
169
232
117
192
166
163
120
112
152
152
120
146
125
112
102
124
134
92
157
132
145
159
192
137
123
78
85
187
150
137
128
139
128
165
164
74
166
134
112
161
97
117
169
162
89
150
231
180
117
156
141
147
144
116
114
202
180
147
104
187
169
159
129
95
143
167
95
146
142
136
140
171
121
146
192
123
164
157
141
151
152
159
79
160
163
120
137
108
102
113
128
169
148
123
116
176
151
166
123
159
117
153
134
163
138
149
190
133
96
191
153
174
144
191
154
134
175
141
167
221
135
100
74
152
188
191
117
108
152
107
115
97
156
145
110
139
140
178
143
131
114
172
146
135
85
172
184
153
160
94
107
123
134
150
246
173
149
131
123
103
96
119
138
151
117
84
138
118
125
151
182
118
119
124
179
157
187
150
122
63
163
153
155
154
139
101
95
169
109
89
163
172
118
103
150
123
144
143
103
167
137
166
187
123
127
116
170
171
185
137
128
69
186
151
157
119
136
157
127
146
104
143
208
132
183
145
164
198
116
183
152
109
187
151
149
61
95
141
174
93
126
174
138
152
150
106
202
113
147
143
141
161
163
162
171
140
78
124
111
132
134
113
119
140
120
193
84
137
159
182
169
122
123
105
180
177
150
129
80
112
85
169
159
63
130
144
120
124
154
138
179
183
90
117
128
178
133
144
82
189
88
177
148
114
145
50
147
195
134
202
134
64
130
143
139
168
130
182
148
135
170
121
224
179
159
110
165
119
149
160
193
114
142
188
147
170
58
211
135
137
147
87
203
118
167
155
96
129
119
190
115
124
117
113
139
161
138
90
131
113
186
203
107
216
159
142
212
172
76
102
155
149
89
90
167
202
90
159
111
100
137
77
129
126
98
139
125
155
174
79
221
165
173
124
60
198
119
131
141
175
170
118
158
107
92
155
142
119
197
123
144
123
172
129
245
122
142
109
107
105
115
60
189
91
145
173
208
91
193
156
155
151
118
97
146
166
156
185
135
128
232
134
156
123
214
165
124
86
149
156
138
179
150
125
169
122
131
120
186
183
140
188
150
102
161
161
127
66
147
176
133
159
100
120
63
146
92
97
79
85
105
107
67
157
215
112
146
174
99
102
188
117
179
123
140
143
142
115
137
161
164
82
125
129
136
137
169
115
135
173
130
161
150
164
190
127
183
138
92
179
84
137
126
232
140
134
152
167
125
137
113
127
75
114
162
152
88
55
62
189
201
88
159
40
171
165
102
102
153
139
171
149
203
86
187
152
125
183
135
170
170
143
147
77
78
147
116
209
73
109
126
42
169
84
85
115
124
109
180
159
117
150
152
132
145
175
119
85
181
86
82
143
153
152
86
151
124
131
160
139
168
157
189
161
150
146
191
141
101
200
164
132
139
69
98
189
192
107
148
78
151
91
160
130
133
162
102
163
182
160
125
136
123
148
68
122
120
131
92
117
140
151
131
154
88
148
164
137
145
173
63
175
153
108
221
125
134
164
124
123
147
181
119
94
121
132
168
148
133
61
92
98
97
69
185
132
146
130
153
156
184
155
170
159
110
127
142
159
152
131
105
134
117
186
97
144
129
123
94
138
175
133
119
125
79
171
87
122
113
132
149
169
99
103
179
157
124
117
158
107
131
151
103
153
146
101
150
134
135
145
104
137
110
186
133
207
146
100
154
198
126
168
141
105
118
122
185
142
123
158
87
120
153
188
74
131
128
154
89
134
143
186
159
156
142
143
128
132
141
116
143
88
143
133
149
179
68
173
197
141
183
116
78
121
143
133
175
145
129
159
176
142
116
155
114
143
91
109
77
165
128
138
144
138
69
59
138
142
68
79
131
89
99
137
192
151
158
199
146
131
146
172
157
151
128
181
140
124
162
116
141
163
127
76
173
177
100
113
196
178
86
160
114
116
65
177
127
123
144
151
137
147
129
122
170
128
124
98
194
130
143
122
187
161
138
79
177
133
93
129
135
95
105
128
133
130
165
123
183
151
117
144
176
139
182
148
176
167
75
133
112
115
167
152
160
118
157
206
106
130
172
99
166
111
138
139
160
125
155
137
92
139
117
146
144
141
132
145
144
186
173
116
134
76
137
173
99
121
197
117
139
150
109
102
115
181
134
106
213
120
142
190
164
138
83
179
138
160
145
85
113
174
130
88
122
186
75
158
131
104
108
154
136
98
180
150
175
166
119
90
132
90
145
139
106
176
145
147
126
90
165
180
97
183
110
138
115
124
118
133
42
130
160
107
175
161
96
171
148
121
120
194
152
118
147
74
96
104
151
129
130
184
140
180
156
171
127
112
153
126
120
131
163
127
130
62
156
144
128
120
123
221
177
177
138
80
128
139
140
84
113
124
186
222
122
150
135
137
115
188
179
126
143
132
162
121
146
131
75
141
141
68
180
112
127
97
82
156
138
144
122
84
111
144
181
160
120
113
140
112
156
248
144
86
121
117
109
133
167
173
87
140
160
185
107
130
149
138
68
201
150
106
170
166
118
172
197
115
162
159
206
150
137
173
110
97
111
114
82
111
125
76
199
103
137
111
124
109
138
161
61
157
107
128
191
134
200
154
137
112
188
126
108
202
127
114
110
141
87
124
110
185
95
107
66
112
154
126
116
207
169
119
130
107
197
122
186
132
124
199
212
88
76
123
82
167
108
177
250
142
145
144
94
101
142
165
163
166
125
138
173
97
141
198
158
137
84
118
68
101
142
119
150
192
136
84
153
150
129
172
156
118
150
148
128
62
158
73
152
116
137
94
149
116
140
142
88
52
114
90
137
171
115
133
130
163
134
125
128
191
108
109
97
114
111
169
100
115
170
137
151
139
91
144
103
51
154
123
215
142
90
200
91
157
183
82
118
148
172
158
133
123
130
110
73
144
133
172
118
160
132
96
135
126
106
137
124
111
182
125
132
130
168
111
146
82
111
137
208
128
150
73
171
165
110
121
194
147
173
171
171
125
102
163
137
111
153
109
123
152
138
155
166
137
106
137
124
124
151
80
168
146
149
101
128
169
131
143
191
112
143
156
87
90
124
64
139
144
107
76
135
134
141
111
163
127
101
103
112
121
166
133
142
141
161
125
164
164
118
83
169
160
116
108
123
72
98
171
176
89
112
111
125
150
101
200
108
136
97
115
178
121
108
141
165
132
140
143
124
153
129
131
120
149
108
113
165
127
143
70
153
157
160
139
115
79
78
148
146
137
164
136
64
136
158
37
165
177
135
168
127
173
169
198
111
85
131
166
154
223
135
159
177
163
181
182
182
52
180
54
110
125
186
160
93
170
160
187
147
90
181
112
101
81
126
175
131
79
157
141
136
180
141
109
174
129
122
120
119
119
116
93
114
140
64
161
181
119
163
142
136
133
171
119
139
132
134
111
121
133
208
129
146
118
160
128
110
111
87
117
143
92
118
136
167
128
183
114
121
118
115
149
124
148
162
152
113
148
158
142
105
110
121
113
151
167
133
103
166
104
142
156
149
117
158
167
191
121
136
199
146
163
166
172
119
152
159
102
130
133
106
97
111
146
142
68
81
102
93
142
177
121
110
149
160
132
113
189
177
92
149
138
137
139
122
115
154
107
154
209
161
172
178
129
154
154
47
105
177
125
129
128
172
162
105
133
182
131
153
209
125
110
83
124
188
197
172
138
134
156
133
151
120
106
123
42
144
159
103
138
185
98
145
164
73
156
113
113
149
160
97
150
102
157
125
122
170
190
78
179
145
211
129
177
179
161
173
157
133
200
141
135
191
147
110
185
59
164
134
111
137
113
107
197
178
155
180
135
149
170
174
128
132
143
146
132
86
156
154
158
149
215
159
150
190
125
178
112
203
152
131
125
150
143
157
167
118
131
155
175
112
167
89
204
127
140
132
133
70
164
163
144
158
71
112
155
154
105
162
116
172
148
130
144
92
188
122
80
128
203
181
176
140
136
144
110
129
99
146
150
168
111
125
151
96
124
125
166
158
104
92
96
118
123
153
171
89
108
185
128
94
142
180
153
182
134
193
99
129
194
150
124
69
171
146
179
99
93
133
121
145
132
177
132
101
123
108
150
178
117
87
116
119
106
188
168
108
131
108
92
127
177
117
92
55
162
150
140
159
179
206
194
132
100
156
168
153
143
118
143
140
168
124
109
108
92
200
158
192
153
150
106
164
130
131
99
158
184
152
155
160
101
184
79
175
144
145
131
154
128
141
82
29
139
65
146
106
100
172
161
123
134
163
77
190
85
143
140
122
147
167
138
190
157
155
178
109
129
112
108
114
127
134
163
157
83
168
121
143
102
120
171
161
111
123
164
184
122
116
171
218
176
83
160
163
111
83
95
101
53
131
137
155
161
156
138
184
146
108
122
112
139
147
125
112
166
155
163
102
152
132
213
135
152
138
125
143
149
200
167
155
122
133
106
146
91
93
118
121
129
211
128
120
116
139
114
75
159
171
130
150
124
82
205
220
108
173
133
131
46
196
182
132
121
195
111
160
117
147
101
165
87
194
148
152
162
152
158
95
110
113
162
166
204
84
88
130
99
111
129
156
111
146
76
151
132
136
118
160
166
182
129
88
188
139
145
166
117
89
123
108
153
119
162
174
145
122
161
143
112
161
130
134
158
105
183
91
105
150
105
131
169
135
249
92
126
115
98
148
124
135
183
89
179
129
116
133
90
129
112
107
144
99
147
104
115
150
169
61
151
111
142
141
169
181
114
133
55
137
131
77
104
155
164
133
115
167
175
166
168
127
153
190
107
62
166
185
98
152
128
142
118
86
180
130
189
113
105
147
179
134
182
159
157
59
120
155
113
102
118
101
120
109
91
134
151
146
129
149
132
147
117
137
175
143
124
114
110
115
83
73
140
84
84
131
132
156
105
97
107
53
71
141
122
158
125
134
110
110
160
148
204
71
131
164
28
108
147
74
102
146
115
97
138
126
153
164
119
159
119
139
118
152
108
164
121
123
117
161
168
142
171
87
148
72
147
84
96
179
107
107
133
211
116
137
155
158
172
206
117
132
163
147
127
101
196
149
137
114
129
109
44
164
103
174
140
125
133
153
188
107
122
163
115
93
93
202
103
106
123
159
125
90
172
145
157
153
122
118
166
82
105
70
112
152
136
119
218
165
197
174
118
118
188
124
131
156
110
100
150
121
142
166
138
155
156
198
138
127
82
92
183
136
149
136
176
153
92
157
179
99
186
147
127
172
118
141
67
112
162
117
165
94
73
152
156
117
216
181
147
113
58
152
149
187
109
164
142
112
97
146
204
97
124
187
129
182
139
176
200
123
177
96
75
112
122
78
120
47
175
128
90
96
164
140
110
77
151
105
123
139
162
138
176
138
88
158
155
138
146
187
181
151
178
155
145
105
121
111
212
144
93
150
201
157
177
133
190
163
103
119
147
112
144
118
158
130
124
150
96
183
160
152
106
112
135
165
123
126
141
88
150
145
110
97
94
127
161
155
157
132
165
141
135
167
143
51
107
109
140
166
111
106
133
206
122
150
138
137
180
166
148
120
100
147
130
117
95
109
194
119
55
146
142
99
132
155
