-104478
-26870
5846
52189
26383
2331
-155816
67891
32210
103575
19691
-122772
47440
47516
122836
20786
-8558
-24612
10091
61668
26169
8894
-124126
124483
4262
3502
10509
-82321
-83566
58960
-135338
99160
7618
-121385
-6920
24513
-50810
7034
64173
127387
9905
-52138
-18039
24586
-155431
-72246
-41092
-50423
14832
-74924
64722
16272
-35709
-32056
53856
92833
-85024
-94682
-27135
-19255
93691
-8541
6109
-47015
-87609
74036
77139
-64124
-42928
58217
-28298
-142025
84711
-15228
-176149
-99454
-61943
19571
89032
-63873
-58250
-36190
24685
118412
-729
-49749
-53149
-68153
-34638
-166867
31038
-27826
-24100
10123
-83549
-89167
112755
69512
-20919
-36070
-30576
60869
4673
-15118
-25054
-23626
98028
26143
-105120
-35234
22767
-25215
2388
1533
-64542
-92356
175117
-49739
17081
-26211
-33475
-10674
-37061
57190
-72894
96948
-62696
41200
-130345
-9619
-8999
20918
-61805
105785
-89684
-140797
2134
65646
76230
-90642
7768
39004
52158
-9065
-1364
-201180
72724
-114119
-46553
-62194
79319
-8680
-191975
-33750
13892
-19638
6553
-39988
111710
91357
94502
163584
177714
-18052
39877
-159850
114870
12136
-57731
-85555
43795
-55027
77569
-115389
-53144
67466
48941
-156866
-131188
70766
-60315
-16881
51581
-32996
-106262
-66513
54464
-160110
-5447
-21769
-72150
167526
10674
-99162
-152474
61018
-74524
11049
53103
87627
41912
96675
155641
146522
18613
33715
43620
-154097
74725
180035
-75509
-23936
-39410
52011
85232
35002
3815
57115
-204638
65573
-65285
-163153
106586
-12255
145294
49659
-17139
131010
136000
23797
82884
-10304
30414
-37313
52483
136019
-33453
3080
954
27286
-79605
41000
161518
28253
-15719
39082
-37884
21324
-92247
-121605
-163893
-45841
88040
76574
-45424
32805
