-50
1522
-1419
1994
1272
86
1476
-330
1233
-1567
10
-1486
1521
76
-3929
-1269
399
-2202
169
-3733
-291
-201
-374
-180
584
-2571
2565
2105
115
-1708
-1840
-725
323
-574
1355
2413
-840
-479
-2685
-524
-462
275
-2252
-180
1399
-255
-480
-316
440
-2547
-989
-2345
-2276
-1670
813
-1409
-1009
-849
-516
89
-2841
543
-1685
-534
-699
1099
1238
1259
2493
336
1106
-795
-304
586
-1294
-1030
-515
1074
-1296
1477
2411
-166
34
-620
1596
-1324
-1992
466
195
1148
-2318
-1422
2404
-133
-535
-189
1344
690
-861
393
-1493
910
1345
254
929
-1218
2052
1130
1687
97
-2002
354
696
-786
374
1342
-131
-214
1084
-126
740
122
785
243
-1274
2776
-2800
218
