184
155
88
117
176
82
127
170
123
123
171
83
74
164
80
125
127
176
123
92
86
116
140
88
145
138
168
100
128
109
119
101
73
99
125
110
86
111
103
109
142
149
122
91
135
102
152
104
91
83
129
51
153
195
140
123
127
172
105
53
119
120
119
123
111
182
113
84
104
96
56
60
153
96
116
77
133
137
82
155
109
91
113
180
135
49
118
120
164
121
165
176
21
94
103
62
97
137
126
83
108
123
69
134
137
144
94
38
122
135
133
113
103
151
138
122
147
165
106
59
118
64
86
121
148
104
122
150
107
116
138
120
107
121
131
80
161
113
160
79
103
139
141
108
81
113
92
131
138
116
85
109
108
101
132
147
103
102
110
167
123
133
68
82
129
97
119
116
156
111
142
105
126
106
106
154
122
101
110
184
64
100
157
145
80
152
112
133
142
80
138
60
127
67
104
131
125
131
132
93
116
144
83
23
124
139
115
144
153
185
125
58
106
109
126
103
120
97
130
145
157
181
103
108
118
186
162
124
140
109
100
124
79
118
85
111
136
112
132
92
140
152
86
97
86
89
137
86
85
140
167
94
115
104
116
94
101
130
141
177
131
110
139
80
120
126
108
131
35
121
194
131
130
140
68
116
57
78
108
82
145
134
60
170
139
105
95
133
123
130
117
124
112
130
127
165
148
124
135
73
75
134
183
136
123
133
120
98
87
100
98
67
124
148
58
108
127
137
126
15
131
163
107
162
86
156
84
152
133
66
153
112
163
127
122
75
147
79
144
126
115
121
115
159
105
93
188
128
110
142
175
147
114
63
109
124
96
123
133
140
79
186
102
123
78
106
201
117
133
132
151
102
96
99
118
112
168
185
131
104
51
85
54
147
107
104
114
126
116
99
144
99
128
145
150
142
164
78
95
123
110
96
173
136
106
136
35
101
105
197
129
143
111
64
145
140
125
80
122
124
125
109
104
151
166
109
69
138
90
144
154
98
107
137
116
76
91
188
121
102
96
122
106
87
99
78
95
143
16
122
97
136
118
124
165
139
120
81
140
125
133
129
59
143
111
116
145
112
153
124
107
79
120
95
153
102
112
146
89
138
132
168
63
135
118
69
126
147
120
94
122
123
68
158
100
70
88
121
125
101
122
126
41
131
91
96
47
153
140
135
70
123
65
182
143
107
68
126
129
157
135
75
111
104
140
135
89
111
147
98
157
186
141
142
128
87
77
133
114
143
118
158
137
100
135
142
95
160
142
129
177
125
55
96
137
123
155
112
75
48
106
108
158
135
168
84
143
113
91
58
123
132
75
129
146
137
73
152
146
113
78
105
147
109
89
130
150
49
159
113
105
65
174
121
136
123
73
74
158
105
149
140
148
48
145
118
136
168
113
160
153
142
167
126
99
111
132
81
116
110
115
146
96
120
88
143
131
16
129
131
149
115
156
113
117
100
141
99
87
90
168
108
158
134
101
95
113
142
114
151
87
67
132
81
85
90
113
103
129
94
149
103
124
136
82
127
198
119
153
102
94
116
91
145
143
99
166
93
148
149
83
117
186
119
135
65
91
90
176
119
115
108
114
102
97
109
115
95
112
72
118
121
131
154
122
124
111
149
82
132
92
121
38
183
46
131
127
145
119
123
142
77
78
159
141
148
167
80
79
107
84
114
128
102
158
127
87
50
118
127
107
98
120
176
142
81
163
91
159
122
118
99
93
161
130
72
94
123
125
91
181
155
125
125
129
143
82
87
172
59
108
148
112
176
111
93
185
119
151
156
87
71
129
98
124
107
125
134
87
131
121
64
93
54
128
115
81
88
185
118
137
61
63
127
147
78
143
92
187
111
153
141
106
73
104
133
170
145
113
108
116
158
64
137
156
94
154
156
107
170
112
149
188
102
164
125
113
170
122
133
58
109
130
97
141
120
138
152
107
114
126
113
62
85
133
113
64
130
129
152
114
84
83
89
136
185
133
125
144
148
107
129
107
77
97
164
112
128
71
138
125
80
162
75
143
138
156
29
80
96
89
60
108
75
138
89
91
163
167
87
125
75
109
141
145
93
129
101
133
121
159
94
111
185
54
214
101
140
62
96
109
93
118
125
163
128
117
106
91
84
122
114
106
114
85
142
143
189
94
90
88
177
130
91
147
148
79
67
64
146
89
122
146
162
91
94
157
127
94
128
149
104
111
129
147
127
105
116
70
113
137
133
115
138
128
145
135
121
133
88
127
148
113
159
108
104
154
190
159
113
74
154
116
105
102
121
155
97
146
128
117
177
131
104
120
133
95
174
159
135
150
137
79
140
146
157
90
66
146
93
67
118
79
107
150
141
153
158
127
119
165
134
130
102
132
127
97
167
87
55
108
145
114
144
95
174
165
92
66
123
91
118
62
147
116
110
73
158
146
125
130
137
81
152
115
99
134
146
154
97
164
89
93
102
153
85
97
132
101
117
134
90
65
160
78
133
114
146
97
162
81
107
46
108
150
141
149
59
95
145
134
122
132
158
133
120
56
123
108
68
93
195
152
66
83
126
150
62
155
112
114
131
138
105
110
125
123
111
107
92
128
181
71
164
123
130
133
155
130
95
129
154
104
121
92
125
144
138
133
106
62
172
167
134
181
150
86
129
90
131
129
127
134
120
113
83
114
142
106
99
122
96
82
61
108
168
83
148
129
96
101
114
39
146
110
79
112
179
126
129
40
45
119
112
70
111
140
166
134
137
44
101
143
51
153
101
105
144
174
50
61
122
146
120
83
153
131
155
159
107
87
132
147
121
64
107
147
79
107
153
77
170
160
166
137
142
99
106
103
141
120
83
94
140
127
153
131
133
85
161
167
139
128
107
144
212
113
67
113
148
138
132
106
107
193
158
87
147
151
80
139
83
118
132
98
90
187
111
113
67
158
78
119
106
169
128
108
140
153
170
104
153
73
69
130
99
114
127
128
81
136
99
128
114
134
133
99
62
163
110
135
141
145
84
54
139
100
130
35
94
154
134
99
82
157
100
142
142
91
93
149
102
74
122
124
118
118
159
127
110
150
89
113
141
110
138
97
87
155
98
137
136
131
115
121
134
134
102
167
114
148
120
95
121
136
91
70
63
91
81
132
121
79
131
147
105
157
152
148
171
142
137
100
178
112
122
83
128
76
121
74
97
195
148
107
100
143
120
88
118
69
107
112
87
113
89
163
151
83
146
100
141
130
119
127
121
141
112
114
89
59
94
97
111
124
120
129
128
134
99
47
153
108
100
104
119
83
129
91
84
69
153
178
87
131
125
159
130
108
140
101
134
105
111
129
42
146
71
88
119
120
75
110
136
177
68
123
88
44
146
128
132
102
113
124
97
106
61
94
135
114
104
74
147
25
72
170
186
118
73
129
123
104
136
132
114
109
123
153
103
134
48
101
101
106
157
168
180
50
140
92
134
93
102
129
95
208
87
115
73
125
111
138
162
139
120
110
136
70
113
76
150
112
62
113
95
106
146
125
100
209
88
140
133
164
107
157
80
90
145
113
147
190
45
110
82
133
158
153
85
176
131
155
131
113
105
78
124
105
102
106
125
96
71
147
113
66
109
110
114
73
144
94
4
82
121
86
113
98
75
57
145
105
127
91
108
132
73
162
132
197
106
151
145
157
122
161
173
140
102
168
84
105
131
193
118
153
122
143
93
75
158
127
84
155
83
128
165
120
148
136
106
116
152
149
125
155
163
176
76
89
94
87
99
129
78
114
101
102
89
115
164
137
137
111
114
116
91
79
85
79
149
144
162
154
103
90
145
57
108
109
162
89
173
82
133
186
111
129
68
141
115
160
122
100
141
106
127
92
134
152
155
136
95
115
124
149
123
170
116
93
117
100
125
148
102
158
117
107
125
98
52
148
142
112
136
108
125
135
123
135
137
181
109
121
136
118
89
44
162
123
139
103
130
104
140
66
138
88
151
113
114
115
121
122
140
173
107
128
110
138
107
151
115
101
132
123
154
100
132
128
167
128
129
108
125
128
139
174
129
161
149
134
60
140
108
125
120
103
117
142
71
149
95
114
88
96
143
133
144
85
94
167
157
115
151
112
108
171
154
128
113
68
120
132
117
134
103
119
122
128
127
88
103
77
132
125
193
173
137
148
115
131
130
142
99
103
127
80
98
193
117
126
130
140
136
150
87
113
62
180
140
81
162
66
128
68
155
157
114
108
74
66
166
148
112
122
101
125
141
143
57
62
97
123
146
135
128
116
82
126
102
94
112
137
97
111
97
96
99
125
107
161
128
125
141
148
140
90
111
86
100
82
100
75
98
87
104
92
103
76
189
78
116
115
121
113
157
154
114
133
149
155
185
105
101
96
82
70
120
122
114
123
150
114
83
196
191
145
134
134
166
100
155
124
162
96
128
71
85
128
104
142
157
118
131
82
182
112
163
96
53
46
120
102
113
107
108
134
139
116
106
91
150
124
133
59
116
94
74
129
120
129
154
124
77
113
81
96
146
100
136
145
91
96
126
73
85
77
87
96
95
118
61
138
107
164
102
101
86
99
51
146
112
98
147
91
98
97
109
150
71
101
97
93
131
183
120
173
83
82
48
120
116
90
153
126
102
108
117
109
139
99
147
75
124
182
89
59
65
111
126
116
145
76
192
203
104
147
159
117
68
190
123
96
91
119
104
146
90
134
161
138
153
92
138
124
118
127
125
156
115
94
76
89
76
102
123
115
80
149
148
135
136
72
129
125
123
151
78
90
144
128
169
111
71
102
82
102
61
100
116
105
122
166
145
124
154
94
105
69
116
103
67
129
122
141
120
119
92
176
142
110
138
140
96
121
134
90
120
174
131
103
98
86
154
138
111
79
124
142
92
141
128
141
91
106
85
144
95
135
129
112
95
80
95
139
113
95
99
113
43
92
174
138
98
90
101
81
0
135
103
134
179
146
62
166
95
155
110
167
146
166
70
115
104
148
169
80
162
163
105
144
104
155
65
161
73
139
130
102
132
119
121
135
39
130
97
160
85
108
114
116
125
158
111
181
106
111
109
176
139
71
133
154
86
133
138
60
139
88
137
114
94
54
101
164
160
115
118
75
128
163
149
128
102
107
137
73
143
104
96
109
124
179
21
168
95
158
122
117
84
65
134
116
155
145
89
117
136
136
133
131
102
175
101
179
115
108
124
116
82
143
117
63
171
157
80
100
182
98
80
120
140
158
129
143
161
97
96
136
151
102
164
84
206
85
138
147
79
130
131
110
78
112
189
47
120
119
159
106
110
150
94
167
110
155
94
92
120
105
90
117
83
156
104
114
100
84
100
133
113
111
115
129
60
115
88
73
113
114
134
113
91
133
41
130
80
131
93
143
71
86
114
117
118
155
168
108
115
125
96
143
118
167
99
118
95
95
94
115
145
149
95
130
50
115
119
86
129
104
151
140
108
123
123
111
131
170
147
156
109
128
91
79
156
113
117
128
131
119
125
96
74
96
134
34
104
93
118
90
99
122
73
151
87
151
140
126
152
104
172
167
60
125
122
148
107
119
113
111
134
109
140
87
63
101
145
85
70
85
139
156
151
102
101
154
161
140
82
135
57
100
159
119
102
104
159
99
131
163
140
49
107
147
134
118
153
121
127
81
91
170
115
122
105
160
146
136
85
142
141
119
81
115
140
98
176
109
94
173
71
146
155
157
159
97
114
154
184
135
166
133
105
114
162
99
138
142
117
120
116
130
71
147
134
138
95
109
94
119
92
168
170
73
129
75
110
124
103
82
130
82
174
214
134
112
144
114
158
85
137
159
66
163
160
153
140
98
74
99
91
116
96
128
123
109
132
147
142
34
124
95
78
125
98
132
66
132
97
173
105
197
152
110
113
109
118
126
122
87
114
118
27
89
151
190
127
143
160
73
159
93
137
66
87
133
108
127
98
146
13
122
76
115
172
149
114
159
60
99
120
156
134
125
108
46
128
101
70
85
102
117
71
108
127
175
50
113
99
97
143
141
115
189
187
84
182
102
102
144
121
133
108
121
105
70
99
162
134
106
47
81
183
98
93
50
100
92
160
118
111
144
153
115
97
74
134
116
167
133
72
88
117
174
110
127
90
122
119
85
126
149
138
123
170
92
103
105
120
89
107
130
96
110
81
80
59
125
140
152
81
95
86
119
171
75
122
137
73
119
119
131
119
69
169
96
119
112
130
83
121
95
122
120
104
116
140
98
106
53
170
106
183
74
106
61
76
83
121
149
113
131
143
121
124
105
154
127
116
214
128
156
96
78
95
97
108
108
170
105
128
77
174
133
110
91
147
91
124
161
80
115
88
152
147
116
42
176
158
61
142
139
95
80
116
119
210
91
136
205
118
69
120
130
99
120
95
108
104
184
165
94
166
135
95
105
147
144
79
114
142
202
154
73
138
118
118
104
110
143
181
146
117
121
184
114
115
142
135
100
62
91
117
155
92
128
104
123
118
157
148
113
93
91
78
108
71
122
84
119
147
150
65
147
134
145
148
42
126
136
109
95
135
91
106
119
140
109
132
118
85
107
137
103
120
111
151
105
127
129
81
58
114
126
89
132
86
155
157
112
100
93
139
73
129
138
158
137
145
99
102
115
92
134
137
108
156
177
92
87
107
126
141
93
128
85
103
113
124
111
79
96
101
97
112
64
162
177
84
136
96
141
128
131
44
135
165
145
182
119
74
45
107
156
115
60
122
157
112
96
72
78
124
91
125
123
187
81
50
116
68
177
160
114
109
128
119
98
115
129
173
89
150
114
107
146
79
128
135
152
132
82
102
170
152
138
182
132
82
91
101
131
90
90
36
137
74
171
93
152
91
117
98
124
95
86
146
127
99
147
119
123
116
176
101
140
158
129
175
129
109
97
145
78
133
183
92
124
102
86
104
159
141
139
115
84
94
90
82
94
91
120
133
111
121
149
152
109
106
118
192
161
63
110
108
93
67
72
119
109
142
44
81
122
94
144
128
75
121
122
123
114
143
149
137
141
109
49
94
118
163
212
90
134
112
92
119
89
140
111
130
161
89
96
123
81
141
117
119
169
118
134
65
90
91
108
106
161
103
141
108
129
123
80
159
61
121
154
121
94
92
122
122
134
120
162
138
130
108
153
132
168
111
71
72
100
102
114
101
85
122
101
129
135
81
174
157
91
146
91
117
142
189
116
162
147
108
156
171
76
139
137
115
73
102
89
136
148
73
121
155
78
101
107
143
151
122
139
148
100
172
80
124
161
116
169
156
97
103
117
104
176
91
105
72
107
95
62
108
113
105
131
149
56
122
140
146
85
157
167
81
134
120
140
147
97
162
154
100
147
96
113
176
142
141
129
133
111
85
130
159
169
112
79
107
143
134
155
125
107
130
83
172
165
124
119
37
194
103
72
123
131
114
149
101
137
98
128
126
141
132
64
149
122
112
166
91
122
120
170
117
130
137
166
123
151
124
128
129
96
87
108
63
121
146
98
103
94
125
115
118
82
187
103
88
150
108
148
54
116
106
113
144
55
136
157
121
79
111
116
120
136
167
88
115
155
63
117
124
72
50
130
114
159
104
121
110
103
151
89
85
84
160
90
96
125
158
91
99
117
111
119
105
167
138
139
101
152
123
76
133
143
96
115
140
159
162
110
101
88
141
139
98
117
130
73
104
109
110
142
65
138
110
148
105
132
151
199
93
53
78
56
158
114
77
135
105
115
149
89
96
134
64
72
106
91
81
141
78
95
105
122
122
157
112
134
139
63
114
135
162
148
53
96
120
165
116
192
68
110
127
95
112
138
93
148
97
143
133
134
108
113
106
153
89
109
59
135
115
112
104
26
143
112
123
86
109
77
103
62
116
116
27
85
104
111
97
91
115
124
96
139
157
138
93
129
72
27
74
100
128
63
144
112
140
131
169
81
125
121
100
180
144
134
118
128
130
113
126
112
162
96
44
101
59
32
131
126
93
132
53
151
117
143
125
30
58
46
83
112
136
117
91
125
139
133
135
120
129
74
151
117
143
105
141
115
154
37
138
116
111
93
144
79
103
108
118
97
132
19
146
72
110
105
90
92
125
137
95
119
67
145
90
66
116
82
97
139
176
101
74
102
162
130
160
112
102
73
79
119
151
115
119
77
102
132
109
152
144
104
153
121
109
93
127
86
35
47
124
113
70
130
153
117
65
117
153
121
108
135
87
81
75
136
144
101
112
105
90
114
142
74
97
79
44
131
127
137
83
105
142
105
83
41
114
102
98
122
118
131
132
123
101
112
134
105
133
116
49
111
114
124
134
94
94
158
109
96
91
163
111
80
67
109
143
112
56
110
136
87
138
128
117
130
122
55
100
92
138
128
144
166
95
124
108
154
128
102
103
142
143
103
101
107
140
150
128
80
138
99
36
146
99
155
66
50
162
117
150
164
63
128
95
124
145
73
103
116
132
125
103
80
172
167
156
120
147
102
171
87
75
152
159
82
125
125
91
42
52
128
180
126
128
106
87
123
58
73
152
76
107
88
102
94
138
154
145
73
152
125
79
69
139
154
91
137
112
131
131
95
112
75
130
125
82
135
183
173
69
154
119
151
178
158
91
104
170
136
115
155
95
190
121
102
126
134
86
122
156
146
132
83
176
144
141
119
134
110
195
67
85
87
117
139
128
149
127
146
136
103
81
100
133
88
225
148
157
103
112
87
147
112
142
66
136
102
73
116
188
154
56
108
84
46
117
101
69
118
134
130
127
160
117
54
137
139
97
76
152
95
128
152
142
80
78
116
154
117
93
104
161
124
160
46
175
130
134
113
129
129
118
161
100
116
134
123
99
123
169
116
118
120
127
108
116
137
134
188
200
134
102
75
94
132
133
112
153
136
161
126
108
93
141
91
97
140
124
101
21
88
83
169
108
100
132
80
99
130
147
89
124
143
103
175
132
86
143
115
65
125
87
134
157
120
110
127
118
105
156
84
86
44
152
174
102
144
130
161
99
138
94
76
105
122
95
96
90
146
148
92
213
126
68
147
101
127
127
126
96
114
125
170
103
132
131
121
94
40
119
109
99
114
141
147
71
42
80
98
177
135
144
147
94
110
134
131
132
99
79
134
89
75
165
85
160
115
149
107
117
95
115
111
155
94
149
96
109
115
113
92
185
133
94
61
125
84
164
139
138
73
126
123
150
167
85
122
70
91
90
125
79
157
104
138
80
75
101
123
174
99
143
104
95
96
128
90
113
69
115
107
132
156
71
163
103
167
129
118
100
111
85
99
151
134
103
73
115
137
76
136
112
119
144
121
151
148
94
137
105
108
133
76
129
141
181
153
134
55
118
128
96
125
123
113
138
101
135
162
157
140
94
145
144
118
105
102
117
144
120
132
192
91
123
162
64
127
126
111
63
36
148
85
134
124
129
140
105
67
112
97
147
101
79
78
147
99
127
109
59
62
124
124
115
179
98
127
114
132
133
161
143
127
67
126
130
112
145
82
104
90
117
104
139
79
125
108
112
125
173
108
131
92
131
127
29
135
118
92
146
121
29
46
79
98
97
85
115
83
113
115
110
127
112
108
125
23
88
155
104
137
87
94
129
114
142
79
83
168
121
135
67
135
81
99
126
84
118
123
171
184
131
108
92
94
147
99
148
101
148
146
135
125
69
104
180
116
123
58
123
120
100
110
128
101
105
76
115
85
105
112
98
80
97
126
111
143
77
163
112
85
136
87
116
86
170
164
67
141
101
75
96
103
108
116
136
147
179
76
133
103
174
107
93
146
74
94
128
153
78
153
63
147
90
132
71
113
102
61
128
66
52
127
145
108
150
138
122
123
125
182
95
139
103
84
153
117
117
164
126
104
96
128
151
135
102
99
145
141
111
117
120
79
76
52
104
140
117
133
127
184
89
166
132
164
120
109
88
142
141
90
121
66
95
94
72
113
134
141
129
179
83
165
82
79
171
123
118
117
140
68
45
117
98
109
125
116
96
117
111
108
95
91
119
116
102
106
129
115
92
138
101
164
160
154
126
171
69
90
111
82
94
170
149
72
165
81
137
136
133
171
58
131
164
54
90
116
132
95
62
90
26
108
119
91
138
88
148
81
141
153
126
114
121
71
109
204
138
154
158
136
102
95
127
94
136
112
103
137
140
48
115
136
96
87
40
68
144
83
139
89
72
74
178
80
30
103
146
155
145
105
124
136
132
94
179
124
177
115
137
117
130
139
114
107
181
131
69
101
89
69
151
134
173
60
141
134
98
104
104
123
124
125
182
136
82
104
139
141
89
129
130
156
126
55
108
134
84
96
168
161
144
179
97
82
67
66
92
134
54
118
94
103
113
113
102
67
31
103
133
175
149
130
94
99
112
111
65
161
105
75
104
71
84
73
146
169
83
108
57
116
132
121
108
134
146
124
149
110
97
131
131
112
119
141
177
130
45
113
128
123
109
132
109
153
54
80
119
118
114
165
73
151
138
114
114
150
86
137
123
122
73
85
76
101
130
98
113
104
90
86
119
119
170
88
128
126
97
143
91
166
141
127
158
100
61
85
156
117
155
64
99
155
102
110
143
142
120
133
108
104
57
103
86
132
122
90
149
144
107
115
156
117
152
85
68
158
107
102
153
139
90
105
185
173
108
89
111
197
140
175
49
95
141
84
100
158
100
159
103
132
101
174
102
92
125
176
152
136
99
151
124
123
127
106
97
108
148
123
94
61
141
53
135
101
75
118
42
94
161
137
152
101
124
119
79
139
87
96
134
152
116
104
99
107
68
102
118
101
93
193
136
148
54
154
125
126
107
96
128
112
140
72
130
114
133
101
138
101
156
135
81
72
138
89
140
120
144
86
90
65
167
99
88
138
141
146
95
136
108
109
154
132
53
161
142
144
79
74
166
132
108
112
155
165
116
149
105
119
85
86
117
96
121
148
114
122
153
118
110
133
121
83
104
92
140
73
149
160
166
131
120
124
133
84
61
136
120
101
130
111
73
139
81
182
133
104
113
131
165
73
169
73
181
170
124
122
136
132
96
87
201
69
112
82
108
118
151
127
95
84
93
137
119
97
178
105
98
132
161
156
105
127
149
79
133
102
153
102
140
111
119
83
171
73
68
133
122
127
101
83
138
146
143
101
169
114
191
149
158
85
131
105
101
126
101
28
135
121
127
108
179
126
140
67
109
120
132
127
142
107
119
140
130
113
90
74
166
112
150
126
118
122
93
85
102
88
144
98
88
94
115
60
136
113
127
108
124
117
97
111
110
131
168
76
126
111
132
126
106
103
100
116
122
81
75
63
151
109
138
110
136
107
87
122
144
117
109
186
106
141
157
109
98
122
143
164
125
186
148
171
97
115
153
94
140
159
140
109
136
151
108
131
91
127
146
121
105
101
164
166
112
154
134
107
142
164
112
116
151
57
86
144
96
167
140
183
133
129
124
125
121
75
100
118
151
68
114
118
73
74
114
144
159
122
137
69
137
76
108
116
155
116
75
91
140
112
164
105
64
77
138
109
157
126
174
130
85
158
112
82
126
122
144
135
154
83
89
108
118
160
142
142
60
143
126
141
67
104
139
159
116
181
77
134
102
110
151
59
92
105
138
125
93
88
129
130
137
165
49
137
110
111
81
79
56
133
129
152
161
165
200
78
94
116
156
255
131
97
153
113
103
150
125
124
123
59
137
118
132
150
133
162
158
99
147
155
135
94
83
108
77
134
151
153
207
104
165
145
115
106
118
67
100
130
192
179
90
59
111
96
191
121
134
56
161
114
120
158
139
82
59
77
128
65
69
184
106
164
129
140
118
173
129
151
173
167
108
97
93
149
141
112
97
155
71
177
62
109
102
83
81
94
186
101
104
173
159
136
103
124
146
162
150
105
83
85
146
126
147
155
99
172
119
94
127
157
123
102
132
109
91
108
87
75
139
87
155
146
158
150
107
136
93
126
202
97
105
118
99
131
111
117
153
160
128
99
155
131
137
89
122
113
39
145
68
85
132
116
160
122
102
108
67
147
111
124
134
113
172
95
95
145
102
162
156
152
100
174
138
122
52
156
120
120
129
112
114
133
105
124
159
166
134
146
126
114
160
82
112
128
136
99
94
125
91
96
130
156
113
191
80
132
52
121
165
117
146
158
116
151
108
62
89
149
190
155
124
138
145
102
85
158
49
134
158
114
98
155
166
146
170
47
105
144
171
122
132
112
81
184
62
85
156
82
96
91
148
168
100
104
79
62
137
99
129
138
113
125
123
118
124
111
157
116
142
105
111
69
179
82
134
181
64
43
149
117
122
119
137
129
95
103
100
101
112
86
59
114
110
136
139
65
135
110
152
150
137
132
122
123
58
193
80
88
116
174
55
128
117
150
174
127
120
117
140
129
133
155
123
115
104
179
123
163
143
113
55
119
97
118
129
121
109
128
130
134
141
87
111
85
96
99
168
156
176
131
83
90
134
93
154
89
110
151
111
109
57
90
124
154
147
75
177
112
76
137
113
180
101
117
81
95
140
145
157
166
116
133
125
164
155
103
114
122
120
117
160
109
147
139
144
90
69
145
59
76
158
116
117
125
109
98
165
146
64
153
114
34
116
93
158
61
163
138
139
134
132
87
90
128
136
128
69
128
57
109
84
112
129
93
98
147
106
86
110
95
87
100
155
141
110
181
117
10
119
160
186
115
105
118
122
114
164
156
151
96
164
160
88
123
96
181
140
95
187
115
134
117
136
161
128
159
159
113
98
112
130
114
68
129
171
104
92
73
96
101
91
128
103
102
178
119
94
104
138
163
100
108
139
88
96
135
96
36
127
108
88
151
125
97
86
86
130
197
122
170
102
83
110
72
110
86
134
95
111
117
141
85
150
85
68
101
136
47
114
92
142
157
93
135
94
159
121
115
176
168
147
93
113
93
96
132
126
139
90
96
105
106
121
122
84
115
133
115
94
75
107
98
163
116
106
71
145
137
103
127
102
135
133
85
122
118
132
93
89
87
97
118
100
59
116
114
157
117
127
130
96
64
172
146
101
182
120
139
104
83
95
125
145
153
75
109
84
115
88
116
117
160
180
130
119
127
110
83
148
158
146
156
114
131
85
133
117
153
163
74
73
171
157
50
85
75
132
108
179
158
152
147
89
156
109
112
127
65
136
139
107
105
140
162
113
149
165
145
155
84
128
60
123
106
101
40
137
54
89
108
125
72
103
136
99
113
76
117
115
107
99
125
105
111
174
143
162
153
103
161
159
134
177
100
163
76
120
131
97
122
134
110
138
197
155
45
124
116
133
131
111
103
62
114
107
67
140
103
58
120
132
153
122
133
144
91
110
149
119
156
90
58
81
86
146
187
93
126
23
144
107
144
177
110
158
111
148
79
60
92
132
135
142
128
119
78
95
80
111
67
177
163
111
129
114
118
97
39
111
151
124
90
130
162
106
115
89
142
117
111
98
114
121
37
104
161
59
115
167
116
48
80
124
126
174
75
143
58
141
107
119
91
96
146
137
168
143
163
130
130
106
70
91
102
24
76
63
122
89
98
148
105
80
157
93
122
144
86
101
147
41
129
194
142
103
91
86
174
128
83
7
95
197
136
144
126
140
134
111
68
201
106
124
116
54
135
76
119
123
142
70
154
130
93
170
140
122
102
148
133
61
79
69
65
116
151
113
120
140
124
108
167
123
142
140
34
141
132
85
91
134
17
114
60
49
95
130
121
100
109
99
177
158
155
104
72
136
63
104
140
139
164
95
124
128
139
127
95
118
136
105
122
103
123
82
77
115
82
126
106
144
198
104
145
185
120
96
181
69
87
104
153
80
110
117
89
105
157
97
114
119
136
148
126
128
139
133
74
93
71
142
150
122
99
121
128
117
113
118
145
85
77
100
140
151
89
139
121
54
159
152
91
147
76
141
123
62
92
116
105
100
106
129
118
126
115
143
53
99
108
75
124
158
112
126
151
130
59
110
123
136
179
86
125
166
122
172
106
61
149
99
80
109
116
83
159
103
119
133
91
137
170
83
136
102
144
91
121
112
138
163
72
86
134
146
130
131
101
55
149
121
137
103
122
123
117
113
36
160
150
132
136
107
123
166
126
38
127
193
110
138
143
147
124
102
150
115
169
157
87
80
144
106
113
101
105
66
132
82
156
104
114
111
117
109
139
143
133
148
99
122
67
94
73
128
119
116
77
133
115
103
118
70
112
90
133
114
132
140
113
103
119
122
76
182
99
142
171
156
134
184
97
152
92
68
31
162
95
76
80
147
75
101
120
171
149
65
120
168
85
64
128
121
142
72
87
141
81
182
158
106
89
144
96
80
170
128
168
121
118
121
112
141
138
137
117
103
89
96
39
146
123
77
160
96
58
161
129
110
121
120
124
77
96
78
181
59
153
51
120
155
160
114
78
130
95
134
134
118
86
109
119
135
128
146
89
48
103
131
93
35
130
114
100
106
179
94
98
104
61
99
139
103
192
151
96
67
170
101
79
149
110
159
91
124
105
110
125
128
63
93
87
105
124
115
120
121
121
113
126
108
109
102
98
117
133
137
116
134
189
98
98
123
97
130
88
166
74
121
122
96
82
91
163
70
115
71
108
97
156
140
68
103
76
98
141
116
143
116
154
119
161
97
172
112
78
150
126
114
181
92
121
102
146
135
148
147
146
198
103
130
123
107
81
149
159
138
162
114
117
91
105
104
157
93
98
82
103
170
116
163
132
119
107
82
95
125
127
104
142
99
140
191
94
121
125
133
60
142
133
125
79
185
73
63
93
82
158
105
151
130
100
132
159
130
87
114
95
57
144
105
100
108
85
121
116
97
143
101
79
123
154
121
205
139
114
181
152
71
225
115
103
121
150
103
143
149
121
80
152
154
144
112
178
135
209
111
120
129
172
125
171
97
97
96
134
89
86
117
93
122
137
102
99
119
138
105
115
151
161
60
138
107
32
138
149
85
91
90
149
104
141
98
144
91
130
136
117
109
150
109
130
148
92
119
130
138
166
91
69
178
89
66
76
116
120
118
99
130
149
59
162
93
63
132
100
72
118
158
51
86
134
118
131
158
128
149
78
112
152
129
102
132
121
127
43
151
122
79
90
120
127
106
93
104
85
137
109
117
104
134
134
151
174
121
127
86
140
116
96
201
101
114
135
131
82
35
133
118
126
128
113
110
42
133
145
118
66
100
162
50
67
118
61
180
161
148
66
111
120
88
76
94
88
80
80
112
110
135
159
124
105
91
109
110
106
44
136
138
144
140
97
124
122
151
126
121
120
95
104
120
97
121
139
154
128
117
117
147
94
122
84
92
146
183
80
101
122
78
106
167
121
91
93
92
157
157
142
130
133
83
71
165
137
115
69
90
142
100
192
120
117
128
176
82
94
180
90
124
154
127
70
141
118
119
151
113
111
166
69
146
73
128
108
128
132
146
185
163
85
144
102
93
126
72
105
116
157
138
80
156
109
85
78
146
113
111
72
115
172
114
101
95
185
126
120
106
137
77
55
110
109
61
176
108
91
125
79
133
131
188
102
93
167
114
119
117
131
94
82
101
114
100
35
98
156
72
142
146
89
77
131
186
112
142
98
146
130
119
60
120
147
77
115
151
142
193
174
112
135
82
128
110
167
123
114
74
107
143
98
126
111
136
90
142
133
98
96
77
125
96
130
113
140
120
123
103
141
97
179
101
39
67
141
158
120
136
114
136
122
150
140
136
52
125
175
114
139
139
155
123
127
140
108
138
135
132
85
82
101
143
99
108
117
143
133
142
153
111
137
155
156
158
79
73
93
94
98
137
137
136
130
115
106
109
105
167
116
100
112
91
104
120
130
124
150
165
109
132
66
98
127
97
133
107
74
156
138
68
77
107
172
128
133
81
128
163
96
130
105
54
91
59
152
125
142
120
173
155
102
85
100
115
134
146
116
164
172
98
129
51
106
126
85
126
114
106
95
134
60
160
120
63
136
122
122
64
58
190
131
135
173
148
91
120
123
82
98
89
135
172
168
40
105
129
131
112
84
130
135
152
71
66
124
160
139
108
106
127
104
53
122
171
138
92
161
75
102
52
122
79
123
102
108
143
64
97
144
164
140
84
65
107
97
128
132
116
186
158
143
102
70
142
50
124
79
165
145
110
35
143
149
76
87
104
166
156
130
107
107
127
112
105
148
130
107
52
86
95
71
116
92
128
133
97
129
166
17
144
117
130
104
140
128
119
123
124
105
132
122
93
137
123
129
114
111
132
73
112
146
105
137
92
93
100
147
154
100
181
56
150
91
99
127
79
87
183
141
83
153
135
125
131
127
93
129
192
103
83
116
142
119
118
136
112
98
76
123
47
122
121
154
137
104
180
67
126
61
133
137
123
111
102
102
127
92
44
100
115
164
105
113
97
106
133
102
98
127
70
80
147
139
139
100
139
115
88
149
158
67
87
102
89
88
102
119
125
140
98
123
140
170
59
100
86
145
191
103
118
65
127
132
119
126
89
162
154
115
137
137
123
69
104
133
113
145
108
84
160
138
114
129
114
164
151
126
119
172
83
126
107
108
143
104
120
108
101
135
94
125
87
144
129
160
140
118
144
122
150
110
95
129
114
155
100
91
148
131
111
103
121
150
61
78
102
125
105
141
118
139
146
61
158
140
148
118
133
140
149
173
138
131
128
130
122
73
119
160
134
116
144
183
152
131
103
149
105
127
138
91
96
110
116
149
113
81
105
116
170
137
99
86
190
98
94
90
143
142
155
99
182
121
65
114
124
142
135
122
167
123
132
94
129
85
199
103
136
117
95
143
193
118
180
152
140
164
99
82
160
158
104
158
163
136
125
119
158
136
127
114
112
67
140
170
144
138
149
68
159
164
118
96
106
126
105
72
181
106
168
108
157
105
150
120
155
100
116
122
85
52
97
126
135
123
136
132
108
139
152
104
124
139
81
141
99
80
58
131
132
126
129
68
109
151
112
177
54
119
78
134
131
78
107
151
112
142
90
148
146
95
142
188
103
138
97
89
126
155
92
154
153
98
123
105
159
185
121
119
129
111
102
118
89
90
98
121
118
82
168
123
91
102
92
116
127
156
77
75
147
149
120
129
130
106
111
195
114
124
118
152
96
124
99
89
103
123
54
53
107
154
85
103
87
129
51
128
93
44
56
133
81
117
140
116
121
124
128
79
121
108
178
119
97
142
110
103
102
119
166
61
108
96
148
111
119
131
105
100
101
152
136
133
46
64
128
141
87
130
75
131
99
107
129
133
88
95
105
115
121
105
140
43
144
148
142
87
73
54
122
128
193
125
86
145
133
137
120
118
168
84
122
114
59
131
123
150
61
159
98
123
159
121
97
111
109
105
176
136
41
152
102
137
137
107
109
99
83
74
119
89
118
108
166
104
89
83
72
98
96
123
94
147
125
154
76
84
218
79
111
124
183
117
109
74
126
159
135
61
177
122
93
136
152
129
135
66
109
194
113
121
102
104
147
160
141
100
62
134
69
102
83
86
59
96
39
92
117
138
86
139
144
103
100
95
138
102
122
159
92
140
115
80
101
58
116
136
134
61
140
79
146
88
105
99
141
98
78
130
156
100
64
159
88
132
127
170
67
177
111
126
57
69
150
149
163
154
86
88
181
27
118
103
97
78
115
177
120
103
150
78
101
158
108
143
143
108
81
103
90
63
177
112
115
199
140
101
98
127
119
101
131
81
105
138
135
80
101
104
113
67
62
110
169
155
114
155
152
129
133
101
117
161
161
109
73
135
46
110
125
148
80
83
78
130
120
163
141
77
137
115
101
107
78
125
69
128
139
119
166
178
92
76
135
49
84
195
86
148
86
96
131
147
170
123
109
180
93
177
139
153
47
90
78
152
96
141
100
117
183
128
55
118
106
45
137
147
114
127
69
94
51
88
148
112
107
114
108
122
98
111
119
60
106
162
103
145
180
180
162
106
140
90
111
88
133
168
62
146
134
131
120
107
45
106
81
60
81
125
125
127
134
133
194
125
134
83
126
163
112
95
81
141
131
109
141
157
89
109
50
120
116
112
101
155
140
79
81
125
117
114
156
131
101
133
136
175
200
112
138
103
158
154
110
169
170
93
92
101
93
73
100
97
112
122
131
70
158
106
144
159
81
55
44
141
93
95
127
112
86
109
95
85
112
76
115
176
163
129
95
142
126
161
161
159
111
111
106
85
103
94
81
70
149
62
77
135
93
98
84
79
49
108
154
43
100
133
103
129
137
91
76
136
76
142
128
128
108
118
108
111
115
124
118
79
136
91
145
113
155
132
78
100
95
65
118
110
115
142
99
108
174
132
107
177
107
79
111
132
131
95
112
109
102
104
135
105
125
96
185
104
161
127
70
104
93
101
139
26
106
119
126
101
127
133
84
122
115
152
113
134
125
98
159
74
125
107
64
101
152
148
52
121
64
87
119
136
164
115
110
110
103
144
83
127
109
145
149
115
124
70
81
79
156
160
75
103
112
111
108
167
91
132
106
109
109
81
153
91
139
111
154
80
182
84
113
163
115
133
136
133
111
166
105
61
105
88
104
154
124
121
111
51
120
128
156
