1221
1020
-187
1277
1221
906
-867
-1234
815
634
1259
-883
-1027
-644
-412
1181
260
-549
-489
-571
283
-490
-655
932
-450
66
-786
984
-610
-731
950
-142
-438
-1846
-756
2294
24
1233
569
1006
-2520
-665
-1008
-490
814
1289
958
-1052
1640
-506
-1785
-1671
2167
429
82
66
-1240
1160
29
1584
137
-1228
1684
1245
688
275
-309
-286
1335
922
239
2086
-669
-289
565
-59
1168
1674
-506
-1091
1239
1002
-1262
-452
346
621
-871
-237
760
431
-889
285
-2031
1552
1802
-219
-569
180
1721
-663
-516
134
-845
287
580
-156
-136
220
961
-52
261
-1151
-164
-1652
1333
-1017
-184
-185
-976
743
398
1484
1343
-114
8
-179
90
388
290
-573
-2547
824
-708
6
-949
819
1263
2215
1600
-686
99
-993
-1957
-1576
-945
453
1553
-2111
-544
-710
-860
-1217
-1012
198
-944
-1024
-1676
1593
-667
60
-708
565
-717
-336
138
-677
1149
-1834
327
1883
-608
1843
-480
1329
1508
-990
495
-687
281
-1458
-260
495
-1174
-1399
-168
-1203
1016
-469
278
-148
-629
4
-1607
862
-1471
548
696
293
-1161
-2613
-731
993
-814
1245
1642
1481
481
-2107
-23
524
1805
-836
940
1173
-375
-1200
1034
1010
-7
-1256
-1359
1598
477
393
-1067
-962
-2147
-679
200
1242
437
-491
723
-719
-1525
-950
-883
-599
-1448
-2129
-967
-864
-2498
-711
324
-818
-2028
373
-2805
369
1269
-96
166
1084
168
-2853
