-2087
1882
-1147
176
-2698
-1830
-1616
-1174
157
-2186
1340
-553
-153
523
776
-68
-1140
1628
-1026
-176
-1326
-226
-1119
-75
373
-1199
-1470
-1852
-1909
-983
-526
1568
-147
962
-481
-249
-179
-823
43
-647
757
-797
-1647
-1481
-1357
-256
-1012
-491
-1366
-780
218
-449
-370
331
914
-1629
-1985
-67
288
884
-537
4
-748
-354
-469
-682
1542
-177
-842
1061
8
1209
191
1159
-851
-792
-595
2566
-416
-52
-2395
-997
1108
-1950
1439
232
614
324
-1922
-1848
-980
-493
-495
-1476
35
2490
-1810
33
-1113
477
-2337
1811
571
855
-435
-519
1866
1219
1978
-220
852
-2025
-1461
-709
-276
1789
-1924
117
339
1689
481
-1121
807
-438
843
-1873
-1457
-157
