118
172
170
65
146
190
112
81
162
91
112
92
57
92
134
187
117
150
83
124
147
122
123
160
113
93
71
172
124
176
142
159
96
103
175
91
122
186
179
105
100
146
87
109
65
129
109
133
136
120
145
144
93
161
184
144
137
130
161
112
100
108
137
190
104
162
167
115
134
133
161
72
121
83
142
129
108
69
116
131
136
190
124
155
204
96
190
149
63
98
212
135
136
191
126
65
117
200
134
141
232
139
93
131
134
118
116
132
155
112
162
116
121
168
132
125
107
171
158
168
123
127
89
72
114
109
103
197
122
233
120
141
87
104
202
165
25
153
114
176
160
143
114
123
88
232
108
158
62
110
110
146
131
147
104
136
193
181
166
116
142
136
149
132
159
90
153
68
96
73
149
139
118
152
92
150
164
142
174
143
66
97
113
106
155
133
187
87
64
185
132
162
115
150
55
152
152
210
109
140
154
146
154
190
101
89
159
172
110
149
86
119
99
102
187
123
140
179
96
142
84
113
173
118
148
116
110
113
137
120
136
148
92
192
68
143
173
160
122
92
149
172
93
125
180
145
127
102
226
92
150
111
155
88
164
92
136
166
90
83
92
106
124
37
94
127
103
114
142
119
90
134
146
118
128
228
148
135
84
146
136
145
154
217
131
150
109
80
156
119
161
115
73
150
156
135
78
119
174
173
143
117
88
94
67
94
147
144
98
87
145
121
177
106
183
141
172
89
112
160
186
85
118
147
138
150
115
131
191
160
156
78
200
136
153
141
122
195
169
104
169
182
114
108
172
84
79
128
133
174
155
63
102
156
165
179
177
132
68
173
131
159
131
105
197
160
107
182
171
172
148
171
143
175
115
139
107
159
88
132
129
129
158
93
104
114
159
179
114
184
185
181
119
169
89
136
102
138
104
119
108
137
188
146
165
123
145
159
137
132
227
157
132
115
148
141
68
72
84
152
129
137
94
111
134
165
123
115
110
150
82
203
162
192
229
118
104
183
122
142
169
106
193
112
174
124
95
157
124
169
120
114
148
134
121
183
109
136
203
95
129
192
132
143
146
120
156
189
203
114
105
127
168
132
105
199
121
218
175
60
116
173
179
68
82
121
182
123
143
148
141
109
137
101
186
172
149
114
86
161
152
118
109
78
125
102
139
173
107
146
131
190
122
132
130
136
136
137
176
79
128
150
177
107
98
203
89
139
107
159
118
112
102
92
169
135
101
138
196
148
177
211
104
110
176
156
116
137
166
162
137
175
95
143
142
104
147
92
118
164
132
98
54
123
140
160
124
135
112
90
176
161
126
181
170
172
113
135
225
158
157
150
130
195
115
140
107
107
218
170
64
179
94
110
144
144
114
126
195
96
191
140
80
129
117
123
182
108
209
172
140
158
85
151
104
102
92
176
107
170
67
105
162
156
196
165
206
160
135
134
160
152
117
192
137
103
138
146
141
93
55
82
148
178
111
180
176
113
89
122
140
110
160
103
106
173
164
133
134
128
108
140
82
180
206
137
224
178
123
158
82
101
84
124
126
169
63
181
171
144
144
147
81
146
116
166
194
141
127
186
116
130
181
95
149
128
140
138
186
120
114
92
160
151
163
137
105
197
185
167
120
128
77
232
82
139
146
144
125
156
152
104
138
116
109
116
141
164
89
155
140
135
233
160
159
128
140
116
177
167
154
126
140
156
138
173
146
67
178
118
54
111
128
137
137
154
88
161
154
139
127
107
94
126
143
123
173
149
189
177
141
100
155
162
142
144
129
164
103
126
125
117
160
182
118
108
129
149
152
162
156
104
128
207
123
115
158
194
118
142
141
101
171
163
115
164
188
140
112
107
178
95
136
201
114
129
142
151
148
95
137
109
189
116
82
147
85
115
166
131
82
74
150
129
121
192
164
119
163
119
129
108
128
117
136
162
126
119
173
134
139
197
127
149
135
197
148
123
160
141
124
92
155
170
150
133
68
150
147
108
92
155
173
176
132
171
102
111
126
168
177
167
199
176
187
191
154
172
191
115
141
109
77
110
78
110
128
215
158
121
104
123
177
108
150
106
132
81
130
139
131
198
95
78
187
110
147
131
69
138
137
174
150
96
91
216
102
97
132
120
159
183
53
166
180
111
135
127
127
107
96
124
190
85
100
137
110
194
119
215
172
103
103
140
184
157
125
131
158
82
114
139
134
88
179
141
152
128
71
150
82
178
131
132
146
123
118
179
133
92
149
157
92
102
145
147
173
85
135
117
112
164
171
160
89
198
101
176
200
97
117
124
150
71
89
51
76
193
146
164
171
154
125
107
148
133
86
104
120
131
106
132
129
95
87
167
161
185
155
132
135
161
170
130
119
118
121
106
129
143
177
83
133
162
141
150
192
163
185
73
212
192
99
194
145
141
86
144
110
161
136
128
109
110
124
148
168
168
170
204
99
80
132
181
128
87
101
106
211
167
54
103
166
108
113
156
197
162
96
118
121
62
171
145
188
135
123
157
157
138
160
150
191
98
124
134
109
172
164
85
197
144
155
138
107
124
125
136
138
182
110
107
142
140
120
168
111
122
159
161
135
96
159
107
116
154
86
96
145
116
147
99
157
138
122
120
158
152
147
117
180
137
203
128
175
192
142
102
103
207
142
27
197
125
96
178
140
186
192
174
175
153
135
46
130
118
87
134
150
189
180
174
126
104
109
120
184
128
39
138
168
126
117
93
101
151
129
134
167
171
117
198
151
117
132
151
141
126
131
66
116
86
150
119
49
237
133
147
137
142
93
135
114
178
165
155
255
112
119
163
117
114
99
84
135
156
119
95
121
119
112
136
124
95
110
109
169
97
224
151
199
181
114
227
167
107
163
133
157
204
117
161
135
142
117
115
112
132
98
156
148
137
147
154
119
134
98
109
110
148
161
97
64
103
110
177
108
168
102
140
97
109
158
118
160
109
77
170
97
211
172
122
170
148
173
111
200
97
107
155
143
141
173
166
142
165
174
170
61
121
117
145
116
120
124
100
157
185
120
169
116
122
176
154
93
202
126
193
185
157
150
102
132
151
168
188
117
143
106
71
155
155
94
178
149
100
78
181
120
167
136
176
48
178
124
0
172
116
138
115
173
110
108
190
110
146
171
97
131
38
223
136
73
182
86
140
113
112
77
127
90
156
88
153
161
156
169
148
140
35
111
125
197
103
171
137
177
175
149
123
168
142
170
80
82
109
75
119
150
124
173
137
129
140
98
171
194
142
150
157
114
151
155
107
138
199
126
106
175
140
152
91
117
177
70
174
36
139
128
178
185
168
206
153
123
165
201
121
131
192
94
160
91
76
162
150
137
175
105
127
75
153
137
149
128
96
93
112
132
110
139
185
176
45
114
147
103
147
175
158
111
73
162
67
119
182
154
219
128
142
122
111
189
171
168
178
121
163
173
173
96
154
209
103
177
131
144
95
128
144
110
132
149
116
95
114
161
134
131
116
135
87
168
167
125
117
132
70
101
159
148
207
163
154
141
140
160
131
182
174
103
35
187
125
209
167
110
149
191
168
163
151
98
150
137
93
157
183
180
97
98
121
161
131
164
138
163
185
141
162
166
129
123
139
104
128
134
162
115
139
130
146
93
134
135
139
145
131
80
150
69
91
89
96
125
201
130
116
135
147
93
151
146
179
193
121
113
146
110
121
105
101
117
154
88
134
154
204
139
98
182
104
123
125
69
147
128
99
72
112
103
144
166
110
136
102
77
74
147
174
151
188
132
154
87
161
129
115
92
151
128
62
114
73
193
118
128
139
101
125
144
124
140
135
132
103
60
136
144
181
111
73
122
170
155
113
129
96
85
151
174
189
93
107
144
130
152
119
140
117
99
108
229
139
181
96
185
84
151
187
44
81
198
169
137
170
115
188
157
155
59
196
94
129
106
122
112
111
160
141
80
144
140
159
124
160
98
88
125
164
65
26
152
118
118
101
154
160
115
101
122
167
101
154
131
152
197
141
99
144
174
157
62
126
85
60
154
147
74
101
90
131
81
115
131
153
98
107
161
137
130
78
112
98
131
114
170
84
170
151
136
128
144
193
180
112
70
122
164
115
170
99
153
165
183
110
133
160
125
147
140
125
76
79
92
69
158
141
85
86
112
169
110
180
167
121
168
137
137
113
154
150
126
144
136
112
86
173
79
159
145
132
179
152
102
133
110
167
53
112
114
87
142
158
101
188
95
165
138
119
125
103
129
225
56
154
126
144
142
77
125
154
124
113
123
104
146
169
111
192
140
122
113
158
146
164
49
138
141
101
159
177
132
170
200
124
120
131
120
95
124
100
15
92
128
118
103
112
222
120
76
129
132
164
135
109
104
136
155
130
106
179
153
137
153
76
75
176
209
187
155
107
89
120
156
140
127
159
129
167
85
153
135
123
196
157
142
101
146
180
160
185
112
111
181
111
138
125
166
120
222
101
119
178
137
120
135
113
173
172
98
96
127
89
136
148
115
99
108
144
152
141
145
84
106
95
133
191
112
129
141
192
146
146
190
148
127
146
146
121
100
181
57
132
161
137
75
123
75
146
129
85
160
190
113
81
119
92
176
80
107
137
153
138
150
184
107
150
161
136
117
150
203
103
176
103
114
145
143
151
75
66
97
163
63
241
187
133
93
144
157
89
168
99
180
201
148
152
131
126
206
134
72
139
151
102
112
196
83
155
110
97
119
124
170
143
150
138
138
135
136
214
202
77
69
174
158
186
149
137
124
97
125
131
185
158
38
172
129
118
96
91
69
137
195
88
185
149
157
145
193
99
163
114
227
122
217
184
157
148
124
180
53
182
125
201
117
156
61
137
138
75
101
138
100
146
59
88
93
168
103
112
150
96
187
120
90
93
153
99
156
102
104
104
169
150
173
157
125
140
111
109
80
177
149
143
125
79
185
180
127
136
107
119
174
135
110
126
80
97
130
158
137
187
177
159
169
131
143
126
131
215
151
226
137
60
134
98
99
142
172
128
149
133
123
144
162
63
123
203
131
150
170
164
130
164
70
213
123
123
60
104
140
165
75
169
116
171
152
150
144
111
82
149
186
139
122
134
124
146
111
136
139
121
132
76
167
133
154
34
115
185
44
137
173
148
102
107
157
131
120
135
182
142
142
91
149
141
108
69
178
189
196
167
110
97
136
112
111
149
180
160
143
150
165
112
147
92
115
136
134
165
165
77
147
217
134
163
127
183
150
203
148
110
200
140
173
127
107
108
171
130
156
179
180
187
137
107
149
119
131
115
131
124
181
134
189
87
176
146
178
54
164
124
92
173
192
142
124
95
87
159
169
121
170
179
185
141
74
112
155
100
105
128
110
131
144
156
130
184
136
130
142
95
108
100
123
103
151
89
104
189
138
137
131
80
120
155
32
143
169
115
241
124
86
164
109
99
103
131
144
102
115
150
53
138
86
193
110
105
100
125
166
207
114
175
131
114
97
99
181
112
131
145
131
218
136
182
92
126
155
186
146
142
144
108
185
148
45
150
225
69
78
127
141
154
170
138
89
96
200
137
112
129
124
68
90
180
152
162
133
103
102
111
208
124
79
134
206
183
193
126
98
151
151
141
168
127
112
108
153
159
131
145
133
65
147
156
75
158
121
104
133
114
102
117
101
142
145
112
148
147
71
174
141
189
149
155
94
132
150
139
152
163
63
66
182
108
161
165
141
134
114
155
85
106
94
163
130
149
91
122
176
137
129
166
153
86
162
180
121
117
120
151
130
176
165
118
110
89
164
15
115
128
115
162
166
147
112
102
178
81
92
155
134
190
86
104
126
122
59
160
158
105
188
130
152
142
114
65
149
104
155
141
110
152
126
112
135
153
124
126
137
151
103
117
152
137
126
138
190
178
105
176
150
144
132
81
101
32
146
181
161
133
157
129
165
171
143
188
145
91
178
111
130
133
172
145
108
96
153
164
149
154
132
172
88
128
48
132
172
134
123
86
117
201
134
147
164
154
171
188
115
140
159
121
161
118
156
122
147
114
99
89
162
109
150
182
135
114
144
123
156
71
158
163
120
90
97
116
123
171
168
144
116
126
152
100
93
128
177
191
124
108
91
64
123
117
141
138
70
116
107
153
197
116
168
174
189
128
62
122
171
136
112
167
109
158
89
124
165
158
169
107
141
166
150
202
219
123
105
146
136
232
119
164
182
160
104
133
57
188
134
44
245
167
150
206
202
89
139
151
152
103
70
137
60
137
178
111
132
72
119
125
98
121
180
192
143
148
97
148
85
118
67
140
190
107
119
91
174
138
113
114
109
130
113
147
111
85
123
182
76
132
143
126
179
150
102
232
76
157
137
149
80
96
216
173
147
74
127
114
168
153
139
175
97
121
106
193
106
154
144
168
75
115
182
117
199
88
148
149
113
174
152
79
112
97
58
160
126
200
154
93
130
172
70
145
138
136
60
186
105
133
217
118
76
152
91
114
53
150
130
176
204
39
126
114
178
151
154
98
87
84
152
132
170
80
159
226
142
131
106
194
141
146
106
142
186
163
128
104
134
121
148
133
121
129
82
131
103
130
149
114
165
160
92
163
125
196
143
121
155
139
122
52
176
97
102
104
140
207
116
135
122
181
155
111
163
43
145
105
117
169
185
179
93
149
73
109
98
148
91
197
144
85
59
114
196
183
133
144
140
127
95
151
152
193
94
150
167
121
113
168
167
166
165
182
159
109
150
106
99
109
145
104
102
105
142
174
121
189
129
91
149
87
152
150
183
97
107
173
139
124
160
160
193
92
120
96
145
150
154
159
139
136
128
145
150
147
133
199
154
224
83
181
100
131
120
109
116
111
74
124
127
148
165
137
137
132
137
172
149
107
105
53
141
126
127
143
141
202
138
156
183
125
139
140
83
177
112
154
129
160
134
176
172
100
84
87
132
105
100
168
204
109
94
105
110
103
133
118
95
170
119
170
164
100
121
124
82
145
85
144
160
101
136
146
86
141
113
128
143
165
149
123
111
133
139
127
122
145
103
173
77
150
158
112
97
100
172
98
118
146
70
217
123
148
197
80
154
62
119
76
209
173
115
105
80
127
163
125
115
149
198
148
139
74
134
152
128
164
122
139
135
76
