98
86
139
117
56
153
118
127
150
104
162
207
147
121
103
33
124
71
168
108
75
124
78
141
73
76
97
149
58
112
118
99
103
137
129
81
34
74
41
95
87
138
126
126
81
117
170
72
121
78
137
58
52
101
185
36
138
98
174
124
105
122
112
149
156
96
94
69
103
83
166
148
108
119
183
130
92
111
203
178
61
162
99
121
133
110
169
118
161
120
112
93
169
102
68
31
69
113
129
79
143
123
121
125
167
144
152
164
70
100
139
52
46
112
154
169
65
120
62
156
73
116
61
110
182
143
65
92
108
136
143
92
104
117
162
62
168
134
64
82
142
108
94
169
140
145
159
132
107
112
162
107
184
129
119
171
110
91
123
78
98
68
96
192
116
105
72
113
122
158
55
181
104
124
61
69
105
81
169
115
126
128
139
131
118
96
77
143
151
78
109
94
113
101
78
88
149
71
131
178
144
199
126
146
94
71
138
98
175
117
94
120
124
76
141
99
72
97
148
102
83
91
139
108
176
142
112
102
130
114
115
86
198
96
52
145
115
144
131
84
130
85
128
138
120
142
151
139
116
84
103
146
110
146
150
115
144
82
85
104
62
120
79
123
124
148
185
157
157
124
91
95
183
153
121
148
132
167
165
153
116
124
65
122
118
155
62
155
64
100
55
93
148
105
163
67
121
93
115
133
186
123
48
135
149
120
138
124
90
168
170
140
75
112
132
140
132
114
88
123
137
89
119
130
141
108
97
68
98
12
97
194
142
109
120
108
157
113
163
156
191
153
125
157
84
77
92
139
139
118
131
136
202
74
42
133
169
136
129
66
141
103
170
113
105
128
92
173
142
198
106
76
65
60
71
86
123
136
108
116
146
121
105
136
96
77
47
93
111
166
100
103
198
150
115
103
173
180
67
81
123
107
101
130
123
105
87
147
114
95
107
130
145
34
105
222
126
153
73
148
120
107
142
147
133
155
76
30
96
63
115
100
111
67
105
76
137
82
140
149
127
88
122
143
113
140
39
133
134
139
102
108
121
130
155
131
135
95
73
146
153
162
162
148
76
119
79
65
136
122
160
113
57
88
94
74
74
109
160
143
121
122
131
163
86
110
123
166
133
65
99
105
108
156
157
170
119
95
93
162
74
86
116
77
147
118
139
84
221
137
135
109
74
206
129
73
123
75
120
134
149
89
110
79
162
79
120
77
179
152
101
124
100
89
110
192
127
113
255
145
159
67
152
54
160
139
122
76
77
175
86
154
150
88
178
86
151
128
130
161
70
105
70
135
154
103
118
59
112
127
90
85
73
117
103
128
47
202
118
122
88
99
119
141
79
92
157
129
41
39
154
142
96
158
93
91
78
63
151
145
88
101
67
106
71
92
108
108
85
139
136
196
153
151
108
137
119
151
152
116
89
199
140
88
151
84
98
146
164
120
175
173
85
98
93
100
156
99
87
69
98
63
123
108
142
153
167
93
180
129
89
127
90
130
120
130
31
195
100
106
155
160
177
94
109
137
120
100
119
134
35
62
136
141
110
124
55
93
134
115
126
145
57
121
103
185
188
141
159
105
64
87
89
166
150
122
118
103
116
191
137
123
98
126
165
149
153
137
46
114
84
125
71
100
89
155
89
108
130
88
145
122
131
120
115
81
161
144
69
148
106
136
181
156
88
77
113
69
146
141
128
100
108
137
82
147
14
115
121
88
73
37
89
134
98
62
136
127
96
160
116
144
37
73
111
150
149
78
105
91
102
111
66
141
45
75
29
97
143
87
79
96
138
93
104
150
151
76
155
141
118
166
160
70
132
128
73
160
122
67
129
151
147
30
115
121
123
117
160
143
123
169
140
102
100
98
126
71
112
112
116
81
77
98
134
120
111
153
150
176
92
104
153
105
144
78
148
79
120
97
74
149
146
163
142
151
122
99
122
123
109
152
115
99
169
85
165
115
111
59
149
31
165
92
64
102
152
135
101
122
80
127
193
134
153
123
73
131
111
83
107
161
138
172
184
96
98
140
116
91
47
133
143
148
115
124
134
96
94
144
85
109
166
103
121
142
211
129
105
105
138
173
100
95
131
112
100
146
84
95
80
146
130
81
120
90
74
127
106
73
114
180
127
111
70
171
139
113
116
116
113
78
128
104
122
151
196
138
137
92
180
48
121
106
112
87
161
135
148
124
164
107
51
167
114
83
54
118
171
86
122
91
166
106
144
142
105
112
126
124
60
148
125
133
128
56
77
155
152
62
132
106
153
79
112
114
213
144
107
117
108
52
191
112
103
151
122
123
144
116
132
122
91
85
115
112
94
86
66
137
86
57
134
228
124
186
112
79
89
147
153
94
132
113
64
97
131
168
129
127
67
109
169
131
83
89
127
151
149
89
118
143
129
97
158
71
123
152
122
83
114
116
138
176
219
69
121
157
111
77
130
117
129
119
146
147
97
99
118
124
121
168
99
93
147
117
102
106
197
107
93
97
96
165
74
186
120
149
182
139
115
125
171
118
87
70
108
137
175
96
158
100
125
109
174
128
62
63
117
82
141
97
144
104
106
108
133
135
114
136
122
106
135
150
74
112
67
101
97
54
120
116
151
115
73
87
136
79
109
145
100
160
101
126
73
108
117
170
184
107
104
101
143
137
125
148
101
29
124
94
103
51
111
121
165
138
149
170
139
131
146
118
94
138
154
152
107
117
129
63
51
131
125
141
100
168
96
142
164
141
166
109
155
155
128
121
167
144
57
71
99
112
96
167
155
113
124
99
87
98
122
181
75
86
110
118
118
132
112
88
97
158
136
97
113
186
114
106
97
101
80
100
173
179
122
150
90
110
109
106
108
135
150
142
126
159
104
106
119
143
108
135
66
113
158
108
95
158
37
154
68
148
63
100
117
29
139
86
104
149
54
97
123
56
92
73
74
92
120
62
159
116
74
154
26
112
140
80
128
92
157
108
119
68
92
85
106
147
136
69
132
89
165
0
126
96
106
149
134
89
77
14
65
188
106
82
173
130
131
79
76
90
108
94
124
83
73
133
97
54
99
189
116
143
94
68
79
104
42
78
115
118
179
121
73
175
190
139
59
112
131
103
93
97
99
117
142
103
66
147
127
83
155
165
123
128
53
138
113
88
155
107
144
121
72
196
109
123
138
164
128
79
121
104
144
63
80
120
118
57
70
143
91
107
93
112
106
137
101
108
96
94
172
58
55
171
166
89
112
108
201
113
152
97
143
39
114
114
145
76
85
110
80
152
120
114
105
93
133
116
95
117
166
75
25
107
159
14
156
155
135
148
80
93
78
70
110
63
90
60
242
156
67
80
116
68
96
69
137
97
184
99
83
144
106
95
104
90
52
92
132
171
139
122
120
162
76
186
137
155
117
164
139
99
84
104
130
137
105
148
177
104
113
79
106
59
44
180
114
111
142
76
103
96
86
129
100
144
136
122
106
145
102
187
159
68
102
137
124
118
137
90
185
130
97
118
127
138
92
141
122
147
120
93
127
134
126
169
118
143
77
158
46
160
123
92
62
111
60
72
133
142
54
97
70
158
112
92
26
98
82
140
112
183
54
130
166
118
69
74
151
189
89
110
178
56
133
120
88
46
70
153
65
98
69
142
68
87
188
131
96
92
116
114
98
113
77
115
79
47
101
171
89
157
98
80
181
109
101
92
119
58
125
123
122
63
154
141
67
173
95
138
82
116
100
134
119
146
151
94
124
144
144
145
201
77
119
178
137
137
100
111
154
119
103
74
145
49
116
121
163
97
119
103
86
91
127
101
89
50
164
86
125
117
127
165
156
126
151
91
87
72
74
36
116
111
76
126
131
46
88
129
117
141
117
146
133
148
78
133
102
148
149
64
46
91
159
163
144
127
83
141
117
131
101
95
129
56
119
114
180
167
107
99
129
181
136
164
115
99
138
81
140
158
91
149
138
49
98
104
123
163
115
165
75
118
159
181
68
132
179
110
28
145
125
105
128
187
90
174
122
54
105
105
112
147
166
79
118
87
116
129
138
151
21
152
101
148
144
104
168
120
86
82
67
74
106
116
118
118
100
176
198
94
96
147
83
87
154
108
86
126
126
82
132
93
36
118
150
118
92
148
58
182
69
153
126
21
29
75
99
124
132
145
127
109
117
101
162
98
122
102
119
136
96
138
88
100
115
152
154
80
175
64
117
85
126
86
115
117
122
180
104
139
149
99
150
88
53
136
54
132
122
211
106
110
140
135
174
107
95
119
92
112
98
170
108
143
137
10
112
75
84
85
116
126
104
203
94
135
101
128
117
101
96
154
58
122
94
73
138
124
104
188
98
64
75
88
110
169
209
81
111
83
77
106
142
167
129
171
103
79
105
141
71
78
79
96
119
76
108
135
98
92
148
137
109
88
52
169
101
89
76
74
119
61
64
114
103
148
133
168
116
133
149
87
84
182
159
118
144
163
143
129
74
174
143
167
86
90
100
139
125
182
97
136
118
147
128
162
83
132
142
170
88
184
157
115
115
103
149
64
78
162
133
126
122
103
121
149
84
140
53
79
162
74
141
148
130
147
168
135
180
144
108
48
119
127
177
107
138
141
163
144
125
98
118
110
117
137
61
167
127
91
175
116
154
157
23
145
144
109
117
142
144
110
164
121
95
116
86
124
124
108
107
65
158
132
148
93
177
132
128
117
144
129
39
109
104
149
149
163
109
183
119
131
97
67
146
62
137
150
144
118
85
125
91
76
118
141
161
60
46
52
63
63
109
122
133
142
165
63
173
131
131
179
63
97
125
148
149
117
122
102
160
131
122
112
130
136
154
111
169
186
89
111
132
138
83
77
129
119
168
78
60
158
115
117
148
115
185
50
135
98
58
18
117
90
135
164
82
108
118
71
157
80
152
137
127
178
147
135
83
91
106
102
165
160
53
78
116
90
104
157
127
101
105
181
175
149
116
115
80
60
95
130
86
162
133
112
161
137
155
102
141
99
55
146
138
94
59
111
122
74
105
139
60
13
102
91
199
134
128
211
124
125
71
128
57
119
59
170
117
89
94
128
128
117
138
138
124
139
139
66
109
139
82
157
88
116
64
132
150
155
82
151
102
88
93
134
90
73
92
95
133
100
108
115
110
85
123
85
78
156
97
75
104
127
140
136
127
124
70
177
98
137
103
101
94
131
116
151
196
136
129
148
122
111
135
97
125
83
36
149
83
107
134
123
142
100
154
66
79
149
56
147
115
114
155
106
141
102
140
127
66
131
108
132
81
192
89
138
83
80
157
108
169
74
125
145
127
98
149
111
169
85
142
77
142
85
103
100
3
167
182
130
128
53
182
90
107
79
99
175
46
108
125
121
164
180
119
151
99
43
143
103
121
179
69
156
114
161
143
110
87
137
112
106
70
51
105
141
183
142
86
128
150
147
110
137
185
96
152
106
97
169
106
149
142
114
160
118
163
79
100
120
147
96
90
148
138
159
98
102
104
130
36
194
153
140
90
110
123
149
152
164
189
123
166
83
138
118
140
191
177
83
154
100
142
157
117
190
121
193
141
83
172
93
114
100
78
133
73
189
104
148
85
98
98
120
154
136
87
141
137
179
143
116
110
160
145
92
117
74
125
110
136
156
161
86
154
88
74
124
84
113
61
40
143
144
112
66
152
130
116
142
70
126
109
164
103
170
155
69
107
127
99
188
148
158
137
75
188
100
213
89
127
112
141
226
118
64
170
84
119
88
50
128
114
139
123
75
120
121
191
132
64
109
150
136
106
139
145
65
93
61
153
100
114
124
94
174
123
120
132
66
147
173
89
97
124
79
82
109
53
119
152
148
103
180
123
142
55
42
127
81
133
125
180
38
155
134
108
112
36
141
192
121
130
54
50
145
131
131
93
62
49
129
91
146
167
140
89
145
164
85
96
129
148
95
99
136
167
99
114
113
176
70
141
80
197
117
124
126
130
97
138
92
216
72
95
71
160
64
155
126
99
86
175
172
98
143
149
143
105
43
161
100
146
142
118
125
177
153
163
74
76
185
114
88
117
134
105
128
157
161
148
134
101
71
158
112
130
150
146
119
64
76
121
63
93
186
132
170
177
147
68
145
188
134
195
88
115
94
105
121
91
113
120
121
145
86
106
118
115
115
128
167
98
49
67
118
97
126
155
118
117
188
161
196
182
50
67
163
114
64
175
142
116
121
159
142
82
116
163
189
130
145
103
86
118
88
128
136
55
136
109
147
149
179
73
159
113
96
161
95
129
121
132
133
129
128
134
52
132
113
147
120
96
87
143
122
114
179
139
126
77
156
127
91
79
108
128
96
95
146
178
182
77
93
65
170
135
154
171
104
139
192
154
83
66
138
138
147
85
164
152
104
85
125
75
127
188
146
130
93
199
127
49
118
109
116
80
69
93
138
92
175
115
169
16
69
106
154
163
100
120
65
170
126
116
142
113
133
159
67
98
200
102
205
118
203
114
77
96
201
103
145
133
123
122
188
138
47
87
107
55
88
102
173
90
82
6
121
73
113
56
103
48
138
67
128
145
96
174
168
109
183
182
104
66
90
156
132
85
88
98
114
112
115
109
86
159
127
53
62
147
182
133
120
178
81
84
137
118
102
46
110
108
57
135
153
135
133
76
140
163
138
127
134
80
83
86
163
101
192
97
139
29
92
106
65
74
97
186
112
141
167
154
96
171
160
190
182
107
111
114
104
138
129
58
100
106
84
61
185
207
149
181
66
127
146
158
144
130
155
169
91
120
76
55
183
102
115
104
171
83
116
104
61
95
111
140
123
70
151
101
138
143
141
97
49
92
113
18
63
124
189
100
190
161
93
91
102
160
63
175
171
135
139
95
128
107
100
134
76
113
73
90
88
114
123
143
192
108
107
76
154
135
81
143
105
145
103
80
147
42
56
80
117
129
133
103
80
134
141
130
42
85
36
140
99
169
148
168
105
143
90
150
125
157
113
86
144
70
185
124
94
124
70
123
78
163
151
142
173
55
125
130
95
27
107
132
108
98
91
150
173
150
143
80
152
129
91
75
135
92
99
168
110
76
61
164
64
46
110
100
122
107
94
154
114
145
121
139
140
80
180
120
178
152
207
169
142
88
118
