-23957
39547
4253
4496
12422
-41790
949
36626
-27248
-7451
2150
5117
-19458
20503
-2464
-52043
-23010
-9442
34614
-60521
1374
-8731
45186
35835
33718
-65189
-44265
-36682
-52399
35602
-11596
64613
5793
34442
-37336
-37644
38296
8627
-13187
-73817
19792
31333
50868
-46031
-20797
17834
16268
-8186
11999
-49515
-33667
-10304
11780
45691
112019
45891
78340
37328
30798
-87001
-13497
19039
-3718
26106
2096
64928
28542
6033
20623
41966
-27127
77619
14096
-8831
9949
-30087
-16795
22816
-72236
4403
-82720
-44602
-19682
-72015
22634
-30278
-2626
-37071
27913
26907
-2330
-16693
30960
17424
44450
11130
215
2868
7392
54477
-9492
-11014
-55184
24480
48705
-17664
246
5809
-34607
20435
26637
17415
14469
-9214
-59136
-81641
-16639
-20808
79449
32874
28021
16294
14577
30747
-15222
61577
31213
11318
